2 0.928125 0.2859375 0.021875 0.08828125
2 0.01328125 0.2296875 0.025 0.07109375
2 0.5015625 0.4328125 0.02421875 0.07890625
2 0.61875 0.35625 0.02421875 0.115625
2 0.4765625 0.11328125 0.03203125 0.1046875
2 0.23984375 0.2859375 0.02109375 0.1203125
2 0.1453125 0.25 0.01484375 0.08125
2 0.12578125 0.26328125 0.02421875 0.1125
2 0.07109375 0.3484375 0.0296875 0.1109375
2 0.0890625 0.31640625 0.02109375 0.09609375
2 0.34921875 0.11875 0.02421875 0.08046875
2 0.9890625 0.23359375 0.0171875 0.08046875
2 0.97578125 0.2140625 0.02890625 0.0984375
2 0.48203125 0.45 0.0265625 0.11640625
2 0.2125 0.27578125 0.02890625 0.10546875