2 0.65234375 0.08984375 0.0234375 0.08984375
2 0.671875 0.43671875 0.02734375 0.1109375
2 0.5625 0.4890625 0.03203125 0.1203125
2 0.49140625 0.44609375 0.02421875 0.0953125
2 0.27890625 0.190625 0.025 0.11015625
2 0.6078125 0.3640625 0.0296875 0.10703125
2 0.42578125 0.565625 0.0328125 0.121875
2 0.26328125 0.18046875 0.02109375 0.1125
2 0.34453125 0.1921875 0.021875 0.08984375
2 0.409375 0.52734375 0.0203125 0.0953125
2 0.5609375 0.18671875 0.0171875 0.040625
2 0.5515625 0.38046875 0.01953125 0.07734375
2 0.5125 0.43984375 0.0203125 0.10234375
2 0.42734375 0.47421875 0.0171875 0.06875
2 0.46875 0.46328125 0.02421875 0.1109375