2 0.39296875 0.60390625 0.02734375 0.1
2 0.57109375 0.45 0.03046875 0.1203125
2 0.509375 0.5453125 0.025 0.109375
2 0.75 0.3546875 0.028125 0.1015625
2 0.4890625 0.540625 0.02265625 0.10546875
2 0.534375 0.48359375 0.02109375 0.11171875
2 0.6359375 0.35859375 0.02578125 0.12265625
2 0.421875 0.50390625 0.0203125 0.1140625
2 0.51328125 0.4515625 0.02421875 0.090625
2 0.6359375 0.40625 0.021875 0.0984375
2 0.4375 0.4984375 0.01875 0.1
2 0.4484375 0.5625 0.02109375 0.1140625
2 0.39453125 0.140625 0.0171875 0.0796875
2 0.490625 0.44296875 0.02109375 0.09609375
2 0.48203125 0.45078125 0.01875 0.0765625
2 0.65859375 0.37734375 0.01953125 0.09140625