2 0.5109375 0.53125 0.02578125 0.10703125
2 0.540625 0.109375 0.02265625 0.08671875
2 0.48984375 0.53984375 0.025 0.10546875
2 0.44140625 0.4875 0.0203125 0.10390625
2 0.5609375 0.45078125 0.0328125 0.11796875
2 0.71953125 0.31796875 0.02734375 0.1015625
2 0.68125 0.4109375 0.03515625 0.12109375
2 0.42265625 0.5109375 0.0203125 0.11796875
2 0.125 0.2578125 0.03125 0.121875
2 0.48828125 0.4296875 0.025 0.07109375
2 0.51640625 0.43046875 0.01953125 0.07734375
2 0.51015625 0.45078125 0.01875 0.05234375
2 0.115625 0.190625 0.0203125 0.0453125