2 0.43125 0.45 0.028125 0.11640625
2 0.52109375 0.1265625 0.01875 0.0640625
2 0.60546875 0.6046875 0.02734375 0.10078125
2 0.25078125 0.35859375 0.02421875 0.09765625
2 0.46640625 0.4859375 0.021875 0.10546875
2 0.12890625 0.284375 0.0234375 0.09375
2 0.48984375 0.54140625 0.02421875 0.1078125
2 0.5125 0.43828125 0.02578125 0.0890625
2 0.50546875 0.54453125 0.021875 0.11015625
2 0.365625 0.34921875 0.021875 0.10390625
2 0.50625 0.12890625 0.01796875 0.06015625
2 0.5765625 0.503125 0.0234375 0.10859375
2 0.33515625 0.421875 0.03125 0.11328125
2 0.56328125 0.4984375 0.0171875 0.10234375
2 0.3796875 0.43203125 0.0203125 0.0953125
2 0.390625 0.4390625 0.01875 0.10625
2 0.3421875 0.36640625 0.0234375 0.09140625
2 0.44921875 0.38671875 0.025 0.08984375
2 0.5484375 0.56015625 0.034375 0.128125