2 0.5578125 0.515625 0.0203125 0.1046875
2 0.66484375 0.57109375 0.03203125 0.12265625
2 0.5 0.07265625 0.02265625 0.09140625
2 0.4390625 0.4515625 0.028125 0.11484375
2 0.41171875 0.065625 0.021875 0.0921875
2 0.4390625 0.165625 0.021875 0.0703125
2 0.51171875 0.43828125 0.021875 0.08671875
2 0.5953125 0.5875 0.0265625 0.09921875
2 0.58125 0.50234375 0.02265625 0.11015625
2 0.278125 0.04296875 0.03125 0.0859375
2 0.378125 0.43046875 0.025 0.11796875
2 0.11171875 0.28125 0.02578125 0.08828125
2 0.484375 0.45234375 0.021875 0.10625
2 0.35859375 0.35 0.01953125 0.103125
2 0.425 0.05390625 0.02265625 0.1015625
2 0.53671875 0.4609375 0.01953125 0.08515625
2 0.3453125 0.36015625 0.0171875 0.08671875
2 0.7640625 0.234375 0.021875 0.09765625
2 0.31796875 0.4 0.0265625 0.09765625