2 0.3359375 0.62890625 0.0265625 0.128125
2 0.3109375 0.61875 0.03046875 0.12890625
2 0.425 0.5140625 0.0234375 0.1125
2 0.56796875 0.421875 0.0203125 0.075
2 0.52578125 0.10390625 0.02421875 0.08671875
2 0.49453125 0.44375 0.02578125 0.09921875
2 0.38515625 0.5546875 0.028125 0.1234375
2 0.58828125 0.03984375 0.01875 0.07421875
2 0.590625 0.4359375 0.01796875 0.04453125
2 0.5734375 0.0359375 0.0171875 0.071875
1 0.640625 0.53671875 0.19921875 0.26484375
2 0.47578125 0.42109375 0.01015625 0.06484375