2 0.584375 0.0296875 0.01875 0.05625
2 0.65 0.4375 0.0203125 0.09609375
2 0.49453125 0.503125 0.03203125 0.109375
2 0.6890625 0.42265625 0.0296875 0.10234375
2 0.60078125 0.47890625 0.02578125 0.096875
2 0.6203125 0.3546875 0.02421875 0.11875
2 0.503125 0.4234375 0.02421875 0.1140625
2 0.47265625 0.4484375 0.02578125 0.11796875
2 0.4953125 0.1234375 0.01484375 0.0578125
2 0.478125 0.11484375 0.0265625 0.08671875
2 0.28359375 0.14453125 0.03125 0.10390625
2 0.24140625 0.07734375 0.021875 0.084375