2 0.071875 0.2859375 0.021875 0.08828125
2 0.98671875 0.2296875 0.025 0.07109375
2 0.4984375 0.4328125 0.02421875 0.07890625
2 0.38125 0.35625 0.02421875 0.115625
2 0.5234375 0.11328125 0.03203125 0.1046875
2 0.76015625 0.2859375 0.02109375 0.1203125
2 0.8546875 0.25 0.01484375 0.08125
2 0.87421875 0.26328125 0.02421875 0.1125
2 0.92890625 0.3484375 0.0296875 0.1109375
2 0.9109375 0.31640625 0.02109375 0.09609375
2 0.65078125 0.11875 0.02421875 0.08046875
2 0.0109375 0.23359375 0.0171875 0.08046875
2 0.02421875 0.2140625 0.02890625 0.0984375
2 0.51796875 0.45 0.0265625 0.11640625
2 0.7875 0.27578125 0.02890625 0.10546875