1 0.38046875 0.57890625 0.221875 0.26171875
1 0.62734375 0.79296875 0.25234375 0.31796875
2 0.3140625 0.05390625 0.02421875 0.09453125
2 0.3328125 0.05234375 0.02421875 0.09921875
2 0.83125 0.7734375 0.0390625 0.11484375
2 0.9875 0.21796875 0.025 0.0703125
2 0.37890625 0.34375 0.021875 0.11015625
2 0.49765625 0.4203125 0.0203125 0.10546875
2 0.51953125 0.43515625 0.02265625 0.103125
2 0.27265625 0.04765625 0.01640625 0.09296875
2 0.48671875 0.103125 0.02109375 0.08515625
2 0.503125 0.075 0.01875 0.0734375
2 0.96015625 0.29921875 0.01484375 0.11484375
2 0.9453125 0.23125 0.021875 0.08828125