2 0.46640625 0.40625 0.02421875 0.09140625
2 0.45703125 0.48046875 0.02734375 0.096875
2 0.51640625 0.5328125 0.034375 0.10703125
2 0.353125 0.44296875 0.025 0.1078125
2 0.49609375 0.41640625 0.015625 0.0828125
2 0.52734375 0.44765625 0.025 0.0765625
2 0.41015625 0.434375 0.02421875 0.1015625
2 0.9015625 0.70703125 0.0359375 0.12265625
2 0.4078125 0.109375 0.021875 0.08671875
2 0.38203125 0.34609375 0.01640625 0.10859375
2 0.37890625 0.04453125 0.0234375 0.0890625
2 0.565625 0.1375 0.0234375 0.084375
2 0.8625 0.30078125 0.0328125 0.10859375
2 0.509375 0.4296875 0.015625 0.0796875