2 0.415625 0.0296875 0.01875 0.05625
2 0.35 0.4375 0.0203125 0.09609375
2 0.50546875 0.503125 0.03203125 0.109375
2 0.3109375 0.42265625 0.0296875 0.10234375
2 0.39921875 0.47890625 0.02578125 0.096875
2 0.3796875 0.3546875 0.02421875 0.11875
2 0.496875 0.4234375 0.02421875 0.1140625
2 0.52734375 0.4484375 0.02578125 0.11796875
2 0.5046875 0.1234375 0.01484375 0.0578125
2 0.521875 0.11484375 0.0265625 0.08671875
2 0.71640625 0.14453125 0.03125 0.10390625
2 0.75859375 0.07734375 0.021875 0.084375