2 0.68515625 0.39921875 0.03203125 0.12421875
2 0.5796875 0.43828125 0.0375 0.1265625
2 0.50859375 0.51796875 0.0234375 0.11171875
2 0.4875 0.51171875 0.028125 0.11484375
2 0.4921875 0.440625 0.021875 0.0546875
2 0.49140625 0.409375 0.03359375 0.0359375
2 0.3078125 0.2234375 0.03828125 0.109375
2 0.1328125 0.2796875 0.03671875 0.11328125
2 0.06796875 0.76015625 0.03125 0.1203125
2 0.4328125 0.09765625 0.02265625 0.10703125
2 0.878125 0.35390625 0.0234375 0.109375
2 0.853125 0.3703125 0.034375 0.1203125
2 0.040625 0.740625 0.04375 0.12109375