2 0.65546875 0.39375 0.034375 0.1234375
2 0.48984375 0.534375 0.02890625 0.11640625
2 0.43671875 0.49765625 0.0203125 0.11171875
2 0.56171875 0.45 0.034375 0.11640625
2 0.509375 0.434375 0.02421875 0.09921875
2 0.2640625 0.215625 0.02265625 0.1078125
2 0.7125 0.31484375 0.0296875 0.10234375
2 0.421875 0.50625 0.02265625 0.12109375
2 0.01640625 0.7796875 0.0328125 0.125
2 0.24453125 0.21875 0.01953125 0.090625
2 0.4875 0.42734375 0.02421875 0.06015625
2 0.26328125 0.13203125 0.028125 0.0765625
2 0.48515625 0.46875 0.03125 0.02734375
2 0.2734375 0.1546875 0.021875 0.04140625