2 0.34453125 0.39375 0.034375 0.1234375
2 0.51015625 0.534375 0.02890625 0.11640625
2 0.56328125 0.49765625 0.0203125 0.11171875
2 0.43828125 0.45 0.034375 0.11640625
2 0.490625 0.434375 0.02421875 0.09921875
2 0.7359375 0.215625 0.02265625 0.1078125
2 0.2875 0.31484375 0.0296875 0.10234375
2 0.578125 0.50625 0.02265625 0.12109375
2 0.98359375 0.7796875 0.0328125 0.125
2 0.75546875 0.21875 0.01953125 0.090625
2 0.5125 0.42734375 0.02421875 0.06015625
2 0.73671875 0.13203125 0.028125 0.0765625
2 0.51484375 0.46875 0.03125 0.02734375
2 0.7265625 0.1546875 0.021875 0.04140625