1 0.61953125 0.57890625 0.221875 0.26171875
1 0.37265625 0.79296875 0.25234375 0.31796875
2 0.6859375 0.05390625 0.02421875 0.09453125
2 0.6671875 0.05234375 0.02421875 0.09921875
2 0.16875 0.7734375 0.0390625 0.11484375
2 0.0125 0.21796875 0.025 0.0703125
2 0.62109375 0.34375 0.021875 0.11015625
2 0.50234375 0.4203125 0.0203125 0.10546875
2 0.48046875 0.43515625 0.02265625 0.103125
2 0.72734375 0.04765625 0.01640625 0.09296875
2 0.51328125 0.103125 0.02109375 0.08515625
2 0.496875 0.075 0.01875 0.0734375
2 0.03984375 0.29921875 0.01484375 0.11484375
2 0.0546875 0.23125 0.021875 0.08828125