2 0.665625 0.4296875 0.02890625 0.10859375
2 0.5625 0.48359375 0.02578125 0.11640625
2 0.490625 0.44296875 0.02421875 0.09765625
2 0.54765625 0.46484375 0.01796875 0.0875
2 0.51953125 0.4375 0.0234375 0.1125
2 0.42578125 0.4640625 0.021875 0.03515625
2 0.42109375 0.51953125 0.01796875 0.0828125
2 0.43359375 0.56953125 0.02421875 0.109375
2 0.55703125 0.184375 0.0171875 0.04296875
2 0.0359375 0.25703125 0.01796875 0.05703125
2 0.04296875 0.25625 0.0203125 0.059375
2 0.0515625 0.253125 0.0140625 0.0609375