2 0.25078125 0.3515625 0.02734375 0.12109375
2 0.35859375 0.378125 0.03046875 0.12734375
2 0.4078125 0.46015625 0.03203125 0.1171875
2 0.4875 0.5203125 0.02578125 0.12578125
2 0.596875 0.56640625 0.0390625 0.13515625
2 0.6609375 0.6078125 0.0203125 0.1046875
2 0.6765625 0.61171875 0.034375 0.13125
2 0.89375 0.34140625 0.02890625 0.146875
2 0.50390625 0.41953125 0.01640625 0.06640625
2 0.51796875 0.421875 0.0140625 0.06875
2 0.5296875 0.45625 0.02265625 0.0953125
2 0.31484375 0.03046875 0.0359375 0.0609375