2 0.4265625 0.4484375 0.028125 0.11796875
2 0.4890625 0.54375 0.025 0.1125
2 0.60625 0.6046875 0.02734375 0.10234375
2 0.25078125 0.35625 0.02734375 0.1
2 0.54296875 0.103125 0.025 0.1046875
2 0.46640625 0.48515625 0.02109375 0.10859375
2 0.5109375 0.54140625 0.0234375 0.10703125
2 0.5640625 0.109375 0.0171875 0.07265625
2 0.340625 0.4015625 0.02890625 0.11640625
2 0.3625 0.3484375 0.0234375 0.10234375
2 0.55390625 0.584375 0.0171875 0.06796875
2 0.578125 0.50390625 0.01796875 0.11171875
2 0.55078125 0.56328125 0.01953125 0.11328125
2 0.3875 0.43203125 0.03515625 0.11015625
2 0.51171875 0.440625 0.0203125 0.08359375
2 0.51328125 0.46171875 0.01953125 0.0828125