2 0.06640625 0.6171875 0.01796875 0.07578125
2 0.19140625 0.49453125 0.01796875 0.06875
2 0.35234375 0.28359375 0.0171875 0.09453125
2 0.24140625 0.04609375 0.015625 0.0578125
2 0.0296875 0.60234375 0.015625 0.06875
2 0.97109375 0.571875 0.0234375 0.0828125
2 0.0140625 0.22734375 0.01640625 0.06796875
2 0.33359375 0.31875 0.0140625 0.065625
2 0.90546875 0.61171875 0.028125 0.12109375
2 0.96484375 0.44140625 0.0140625 0.0734375
2 0.4359375 0.13203125 0.0125 0.07421875
2 0.78671875 0.79375 0.0171875 0.1
2 0.96171875 0.809375 0.0234375 0.08828125
2 0.7921875 0.43828125 0.0171875 0.06484375
2 0.884375 0.43828125 0.01796875 0.08359375
2 0.053125 0.9359375 0.01640625 0.08125
2 0.02578125 0.96796875 0.0171875 0.0640625
2 0.28671875 0.33984375 0.0125 0.09375
2 0.4234375 0.13984375 0.00859375 0.0546875
2 0.31953125 0.08671875 0.01328125 0.05859375
0 0.4796875 0.140625 0.08125 0.1578125
1 0.5390625 0.0671875 0.05234375 0.13125
0 0.67421875 0.6203125 0.11171875 0.24375
0 0.496875 0.8484375 0.190625 0.30234375