2 0.93359375 0.6171875 0.01796875 0.07578125
2 0.80859375 0.49453125 0.01796875 0.06875
2 0.64765625 0.28359375 0.0171875 0.09453125
2 0.75859375 0.04609375 0.015625 0.0578125
2 0.9703125 0.60234375 0.015625 0.06875
2 0.02890625 0.571875 0.0234375 0.0828125
2 0.9859375 0.22734375 0.01640625 0.06796875
2 0.66640625 0.31875 0.0140625 0.065625
2 0.09453125 0.61171875 0.028125 0.12109375
2 0.03515625 0.44140625 0.0140625 0.0734375
2 0.5640625 0.13203125 0.0125 0.07421875
2 0.21328125 0.79375 0.0171875 0.1
2 0.03828125 0.809375 0.0234375 0.08828125
2 0.2078125 0.43828125 0.0171875 0.06484375
2 0.115625 0.43828125 0.01796875 0.08359375
2 0.946875 0.9359375 0.01640625 0.08125
2 0.97421875 0.96796875 0.0171875 0.0640625
2 0.71328125 0.33984375 0.0125 0.09375
2 0.5765625 0.13984375 0.00859375 0.0546875
2 0.68046875 0.08671875 0.01328125 0.05859375
0 0.5203125 0.140625 0.08125 0.1578125
1 0.4609375 0.0671875 0.05234375 0.13125
0 0.32578125 0.6203125 0.11171875 0.24375
0 0.503125 0.8484375 0.190625 0.30234375