1 0.32109375 0.64453125 0.08203125 0.11640625
2 0.39453125 0.54453125 0.00859375 0.040625
2 0.36953125 0.52734375 0.00859375 0.0375
2 0.3609375 0.52265625 0.009375 0.0453125
2 0.3546875 0.57890625 0.00859375 0.03359375
2 0.340625 0.571875 0.0078125 0.0359375
2 0.290625 0.6046875 0.0109375 0.0421875
2 0.27265625 0.6328125 0.01171875 0.0578125
2 0.8296875 0.98125 0.01875 0.03671875
2 0.43359375 0.36015625 0.00703125 0.03515625
0 0.95625 0.4359375 0.0796875 0.07109375
2 0.6203125 0.275 0.00625 0.01953125
2 0.628125 0.278125 0.00546875 0.02421875
2 0.63515625 0.284375 0.00390625 0.0203125
2 0.6421875 0.28515625 0.0046875 0.0203125
2 0.63203125 0.28203125 0.0046875 0.02578125