2 0.1578125 0.5296875 0.01015625 0.04296875
2 0.0859375 0.4484375 0.01171875 0.0328125
2 0.553125 0.59296875 0.01328125 0.065625
2 0.7640625 0.63125 0.009375 0.0359375
2 0.9359375 0.715625 0.01640625 0.0578125
0 0.48125 0.6734375 0.17734375 0.11640625
2 0.15 0.53828125 0.00859375 0.0296875
2 0.32578125 0.44296875 0.0078125 0.03671875
2 0.38671875 0.571875 0.0109375 0.03828125
2 0.49375 0.60234375 0.00625 0.03828125
2 0.503125 0.59296875 0.0078125 0.0390625
2 0.58515625 0.609375 0.01015625 0.04296875
2 0.609375 0.62578125 0.01015625 0.04453125
2 0.64140625 0.61953125 0.00703125 0.0421875
2 0.7546875 0.615625 0.0109375 0.0390625
2 0.81640625 0.6515625 0.01015625 0.040625
2 0.80703125 0.66015625 0.0109375 0.04140625
2 0.875 0.63203125 0.015625 0.046875
2 0.9640625 0.70625 0.0109375 0.04375
2 0.97265625 0.72109375 0.01015625 0.03828125
2 0.98671875 0.68046875 0.0078125 0.0421875
2 0.9921875 0.65234375 0.00859375 0.0171875
2 0.98359375 0.63984375 0.00859375 0.0390625
2 0.9703125 0.46484375 0.009375 0.03359375
2 0.384375 0.33828125 0.00703125 0.03125
2 0.3078125 0.39453125 0.00859375 0.0328125
2 0.325 0.38984375 0.0046875 0.021875
2 0.2046875 0.54140625 0.0078125 0.03515625
2 0.6359375 0.60859375 0.00625 0.0359375
2 0.64921875 0.61484375 0.009375 0.04375