2 0.5828125 0.6078125 0.00859375 0.0421875
2 0.55546875 0.5953125 0.0125 0.04609375
2 0.89375 0.646875 0.01484375 0.03671875
2 0.49375 0.60234375 0.0078125 0.04140625
2 0.28828125 0.565625 0.00703125 0.0359375
2 0.29765625 0.55390625 0.009375 0.04296875
2 0.93515625 0.70546875 0.01484375 0.040625
2 0.95234375 0.70703125 0.01171875 0.034375
2 0.9640625 0.71484375 0.0109375 0.040625
2 0.9734375 0.72109375 0.0109375 0.0390625
2 0.98984375 0.71171875 0.01171875 0.04140625
2 0.9859375 0.67890625 0.01015625 0.03828125
2 0.990625 0.653125 0.009375 0.01484375
2 0.6453125 0.6078125 0.009375 0.03515625
2 0.6265625 0.60546875 0.0109375 0.034375
2 0.61171875 0.6296875 0.0109375 0.0390625
2 0.596875 0.5890625 0.00859375 0.04296875
2 0.54609375 0.54765625 0.0078125 0.0390625
2 0.503125 0.59375 0.00703125 0.03984375
2 0.46875 0.58359375 0.0078125 0.0375
2 0.4828125 0.58359375 0.0109375 0.0390625
2 0.484375 0.559375 0.009375 0.0140625
2 0.40703125 0.56796875 0.009375 0.04296875
2 0.41796875 0.446875 0.00703125 0.04375
2 0.65546875 0.41328125 0.00703125 0.03046875
2 0.653125 0.40625 0.00390625 0.028125
2 0.6875 0.40546875 0.009375 0.03671875
2 0.9875 0.53203125 0.00859375 0.03359375
2 0.909375 0.3859375 0.0078125 0.0375
2 0.86015625 0.47265625 0.00703125 0.02578125
2 0.946875 0.31640625 0.01171875 0.034375
2 0.909375 0.24921875 0.009375 0.03984375
2 0.83046875 0.32578125 0.01015625 0.03125
2 0.565625 0.36796875 0.0078125 0.02265625
2 0.55859375 0.3703125 0.00546875 0.0171875