2 0.4171875 0.6078125 0.00859375 0.0421875
2 0.44453125 0.5953125 0.0125 0.04609375
2 0.10625 0.646875 0.01484375 0.03671875
2 0.50625 0.60234375 0.0078125 0.04140625
2 0.71171875 0.565625 0.00703125 0.0359375
2 0.70234375 0.55390625 0.009375 0.04296875
2 0.06484375 0.70546875 0.01484375 0.040625
2 0.04765625 0.70703125 0.01171875 0.034375
2 0.0359375 0.71484375 0.0109375 0.040625
2 0.0265625 0.72109375 0.0109375 0.0390625
2 0.01015625 0.71171875 0.01171875 0.04140625
2 0.0140625 0.67890625 0.01015625 0.03828125
2 0.009375 0.653125 0.009375 0.01484375
2 0.3546875 0.6078125 0.009375 0.03515625
2 0.3734375 0.60546875 0.0109375 0.034375
2 0.38828125 0.6296875 0.0109375 0.0390625
2 0.403125 0.5890625 0.00859375 0.04296875
2 0.45390625 0.54765625 0.0078125 0.0390625
2 0.496875 0.59375 0.00703125 0.03984375
2 0.53125 0.58359375 0.0078125 0.0375
2 0.5171875 0.58359375 0.0109375 0.0390625
2 0.515625 0.559375 0.009375 0.0140625
2 0.59296875 0.56796875 0.009375 0.04296875
2 0.58203125 0.446875 0.00703125 0.04375
2 0.34453125 0.41328125 0.00703125 0.03046875
2 0.346875 0.40625 0.00390625 0.028125
2 0.3125 0.40546875 0.009375 0.03671875
2 0.0125 0.53203125 0.00859375 0.03359375
2 0.090625 0.3859375 0.0078125 0.0375
2 0.13984375 0.47265625 0.00703125 0.02578125
2 0.053125 0.31640625 0.01171875 0.034375
2 0.090625 0.24921875 0.009375 0.03984375
2 0.16953125 0.32578125 0.01015625 0.03125
2 0.434375 0.36796875 0.0078125 0.02265625
2 0.44140625 0.3703125 0.00546875 0.0171875