2 0.8421875 0.5296875 0.01015625 0.04296875
2 0.9140625 0.4484375 0.01171875 0.0328125
2 0.446875 0.59296875 0.01328125 0.065625
2 0.2359375 0.63125 0.009375 0.0359375
2 0.0640625 0.715625 0.01640625 0.0578125
0 0.51875 0.6734375 0.17734375 0.11640625
2 0.85 0.53828125 0.00859375 0.0296875
2 0.67421875 0.44296875 0.0078125 0.03671875
2 0.61328125 0.571875 0.0109375 0.03828125
2 0.50625 0.60234375 0.00625 0.03828125
2 0.496875 0.59296875 0.0078125 0.0390625
2 0.41484375 0.609375 0.01015625 0.04296875
2 0.390625 0.62578125 0.01015625 0.04453125
2 0.35859375 0.61953125 0.00703125 0.0421875
2 0.2453125 0.615625 0.0109375 0.0390625
2 0.18359375 0.6515625 0.01015625 0.040625
2 0.19296875 0.66015625 0.0109375 0.04140625
2 0.125 0.63203125 0.015625 0.046875
2 0.0359375 0.70625 0.0109375 0.04375
2 0.02734375 0.72109375 0.01015625 0.03828125
2 0.01328125 0.68046875 0.0078125 0.0421875
2 0.0078125 0.65234375 0.00859375 0.0171875
2 0.01640625 0.63984375 0.00859375 0.0390625
2 0.0296875 0.46484375 0.009375 0.03359375
2 0.615625 0.33828125 0.00703125 0.03125
2 0.6921875 0.39453125 0.00859375 0.0328125
2 0.675 0.38984375 0.0046875 0.021875
2 0.7953125 0.54140625 0.0078125 0.03515625
2 0.3640625 0.60859375 0.00625 0.0359375
2 0.35078125 0.61484375 0.009375 0.04375