0 0.73984375 0.5671875 0.26796875 0.21328125
0 0.94765625 0.5546875 0.09921875 0.19296875
2 0.80546875 0.38515625 0.02421875 0.09453125
2 0.57890625 0.5140625 0.02265625 0.1015625
2 0.08984375 0.403125 0.0234375 0.10546875
2 0.528125 0.4796875 0.01953125 0.0984375
1 0.33671875 0.6359375 0.29453125 0.24296875
2 0.7765625 0.44765625 0.01328125 0.02890625
2 0.6484375 0.4453125 0.01484375 0.053125
2 0.6203125 0.4484375 0.01640625 0.0609375
2 0.4625 0.49140625 0.02109375 0.05
2 0.503125 0.49609375 0.02109375 0.11171875
2 0.809375 0.4546875 0.01484375 0.0140625
2 0.8859375 0.55078125 0.021875 0.10390625
2 0.90859375 0.53203125 0.0140625 0.10234375
2 0.8703125 0.48046875 0.0171875 0.0296875