2 0.32109375 0.5515625 0.02578125 0.12265625
2 0.75390625 0.528125 0.02265625 0.10625
2 0.928125 0.51875 0.0203125 0.0921875
2 0.80546875 0.4796875 0.0171875 0.09765625
2 0.97421875 0.51171875 0.02578125 0.10546875
2 0.69140625 0.5265625 0.02265625 0.09921875
2 0.54375 0.515625 0.01953125 0.109375
2 0.78515625 0.55546875 0.0203125 0.0828125
2 0.1421875 0.39140625 0.02265625 0.08671875
2 0.640625 0.53359375 0.01875 0.10625
2 0.84609375 0.509375 0.0234375 0.109375
2 0.5609375 0.45859375 0.0171875 0.096875
2 0.60625 0.52421875 0.021875 0.109375
2 0.6328125 0.4359375 0.0140625 0.05703125
2 0.78984375 0.48984375 0.01328125 0.07734375
2 0.665625 0.509375 0.015625 0.09453125
2 0.5046875 0.53203125 0.0203125 0.1109375
2 0.82578125 0.49140625 0.0171875 0.09453125
2 0.6078125 0.46171875 0.015625 0.04375
2 0.515625 0.4609375 0.01875 0.05859375
2 0.63984375 0.49375 0.015625 0.07109375
2 0.59609375 0.459375 0.015625 0.04140625
2 0.5296875 0.5390625 0.015625 0.0890625