2 0.6296875 0.5546875 0.02890625 0.1171875
2 0.21796875 0.52578125 0.02109375 0.103125
2 0.05625 0.51640625 0.0203125 0.09296875
2 0.13828125 0.5171875 0.02265625 0.11015625
2 0.8984375 0.38515625 0.0171875 0.084375
2 0.36484375 0.53203125 0.015625 0.0984375
2 0.26328125 0.53046875 0.02265625 0.09609375
2 0.16875 0.35078125 0.01640625 0.08046875
2 0.56015625 0.50390625 0.0265625 0.12265625
2 0.41484375 0.53359375 0.02578125 0.10390625
2 0.18984375 0.51796875 0.0203125 0.11953125
2 0.46484375 0.52265625 0.02421875 0.1078125
2 0.2140625 0.42421875 0.02109375 0.08984375
2 0.7703125 0.52578125 0.0234375 0.1140625
2 0.6328125 0.45234375 0.01875 0.075
2 0.79296875 0.53203125 0.02265625 0.115625
2 0.05078125 0.4 0.01640625 0.0875
2 0.4328125 0.4890625 0.01875 0.08359375
2 0.12890625 0.4203125 0.01328125 0.0765625
2 0.27734375 0.45 0.0171875 0.053125
2 0.28671875 0.50625 0.01796875 0.10625
2 0.11640625 0.5203125 0.01875 0.0734375
2 0.47890625 0.49921875 0.01875 0.10078125
2 0.31484375 0.5140625 0.015625 0.10703125
2 0.7125 0.51484375 0.01953125 0.11171875
2 0.06484375 0.4234375 0.015625 0.0828125
2 0.71953125 0.51015625 0.025 0.11015625
2 0.078125 0.51640625 0.0171875 0.08828125
2 0.2546875 0.4953125 0.01796875 0.075
2 0.50859375 0.49765625 0.02265625 0.11953125