0 0.353125 0.59296875 0.52265625 0.27265625
2 0.625 0.5296875 0.02734375 0.11640625
2 0.7203125 0.50625 0.0203125 0.10078125
2 0.78125 0.52109375 0.021875 0.1171875
2 0.740625 0.50546875 0.02109375 0.11484375
2 0.053125 0.3859375 0.01796875 0.0875
2 0.1921875 0.47265625 0.01875 0.04609375
2 0.87890625 0.38671875 0.01875 0.090625
2 0.3078125 0.45 0.01796875 0.0625
2 0.01796875 0.3515625 0.01796875 0.07734375
2 0.28359375 0.45 0.0171875 0.0671875
2 0.2671875 0.47734375 0.01640625 0.03671875
2 0.409375 0.4453125 0.015625 0.02890625
2 0.7953125 0.52734375 0.01953125 0.12109375
2 0.89453125 0.37265625 0.01640625 0.08828125
2 0.07109375 0.40078125 0.01171875 0.06640625
1 0.046875 0.5609375 0.0875 0.2125
2 0.08828125 0.409375 0.01484375 0.07421875
2 0.47578125 0.44296875 0.0171875 0.03125