0 0.89375 0.55 0.209375 0.23203125
2 0.4796875 0.51328125 0.02265625 0.10546875
2 0.33203125 0.5921875 0.0234375 0.1
0 0.0671875 0.653125 0.134375 0.290625
2 0.61015625 0.55625 0.02109375 0.09296875
2 0.5375 0.546875 0.02421875 0.09765625
2 0.64765625 0.51640625 0.0234375 0.1046875
2 0.70703125 0.4953125 0.02109375 0.09375
2 0.74765625 0.55859375 0.0265625 0.11328125
2 0.60625 0.49921875 0.0203125 0.08203125
2 0.975 0.38125 0.0234375 0.08828125
2 0.73046875 0.46640625 0.01796875 0.1
2 0.77265625 0.4578125 0.0171875 0.05234375
2 0.8203125 0.396875 0.0203125 0.09453125
2 0.31796875 0.5 0.0234375 0.115625
2 0.5734375 0.4921875 0.015625 0.0953125
2 0.56015625 0.5015625 0.0171875 0.109375
2 0.746875 0.484375 0.01484375 0.06875
2 0.7515625 0.4109375 0.01953125 0.08046875