2 0.47265625 0.53984375 0.02421875 0.11171875
2 0.265625 0.56484375 0.02265625 0.12578125
2 0.4390625 0.540625 0.0234375 0.10703125
2 0.159375 0.534375 0.02265625 0.1046875
2 0.82109375 0.415625 0.01953125 0.08359375
2 0.52890625 0.48046875 0.01640625 0.08359375
2 0.93203125 0.515625 0.01875 0.09609375
2 0.85859375 0.52421875 0.02109375 0.1
2 0.5578125 0.5375 0.0265625 0.09921875
2 0.6125 0.515625 0.028125 0.1015625
2 0.7171875 0.44921875 0.01875 0.05234375
2 0.50234375 0.51328125 0.0171875 0.10859375
2 0.90859375 0.53046875 0.01640625 0.08984375
2 0.98203125 0.51640625 0.0203125 0.10703125
2 0.79375 0.5203125 0.01875 0.090625
2 0.775 0.52265625 0.0171875 0.10625
2 0.91796875 0.396875 0.0171875 0.096875
2 0.6796875 0.44375 0.0140625 0.06875
2 0.46796875 0.46015625 0.0171875 0.06875
2 0.1234375 0.3796875 0.01640625 0.0828125
2 0.571875 0.5109375 0.0171875 0.08828125
2 0.72265625 0.40859375 0.01171875 0.0484375
2 0.33203125 0.4875 0.01796875 0.1203125
2 0.88359375 0.415625 0.01875 0.0875
2 0.7125 0.5265625 0.015625 0.10234375
2 0.83359375 0.546875 0.0203125 0.0984375
2 0.88671875 0.53671875 0.015625 0.08046875
2 0.73671875 0.50546875 0.01796875 0.109375
2 0.03046875 0.51875 0.02109375 0.11171875
2 0.7515625 0.52421875 0.0203125 0.10546875
2 0.75859375 0.375 0.0140625 0.059375
2 0.28125 0.51328125 0.01875 0.11015625
2 0.99453125 0.51015625 0.0109375 0.10546875
2 0.66328125 0.5046875 0.0171875 0.09296875
2 0.65078125 0.43203125 0.01953125 0.06484375
2 0.5953125 0.45078125 0.01640625 0.09453125
2 0.80703125 0.5046875 0.01796875 0.10859375
2 0.80703125 0.375 0.01640625 0.075
2 0.7765625 0.3515625 0.01640625 0.08828125
2 0.74140625 0.34765625 0.0140625 0.07578125