2 0.4484375 0.53125 0.01875 0.115625
2 0.47421875 0.54140625 0.0265625 0.12109375
2 0.37734375 0.515625 0.01953125 0.10546875
2 0.4734375 0.45390625 0.0203125 0.0609375
2 0.51796875 0.521875 0.02109375 0.10546875
1 0.67265625 0.56953125 0.2578125 0.20703125
2 0.86953125 0.41640625 0.01796875 0.075
2 0.7828125 0.440625 0.01953125 0.06796875
2 0.72421875 0.4375 0.01796875 0.04765625
2 0.54453125 0.46328125 0.0171875 0.1140625
0 0.915625 0.5390625 0.165625 0.1921875
2 0.8109375 0.4671875 0.01640625 0.046875
2 0.66171875 0.4359375 0.0140625 0.065625
2 0.56875 0.52109375 0.0203125 0.04765625
2 0.5671875 0.48671875 0.01796875 0.02890625
2 0.603125 0.46796875 0.0140625 0.03046875
2 0.58671875 0.47265625 0.01875 0.0515625
2 0.90390625 0.3765625 0.01953125 0.03984375