0 0.559375 0.5765625 0.35703125 0.2390625
2 0.2984375 0.5578125 0.02890625 0.12109375
2 0.85078125 0.359375 0.01640625 0.08046875
2 0.13984375 0.3921875 0.01875 0.1
2 0.77890625 0.55546875 0.0234375 0.0875
2 0.1015625 0.40234375 0.01796875 0.09921875
2 0.82890625 0.52109375 0.02109375 0.0984375
2 0.96328125 0.51484375 0.02734375 0.10859375
2 0.71796875 0.4390625 0.015625 0.05625
2 0.78828125 0.4765625 0.02265625 0.08984375
2 0.82109375 0.35625 0.0203125 0.07421875
2 0.73984375 0.44921875 0.01875 0.065625
2 0.88828125 0.53125 0.02109375 0.08671875
2 0.91328125 0.52421875 0.01796875 0.09609375
2 0.91171875 0.4234375 0.0203125 0.109375
2 0.7015625 0.4375 0.01484375 0.0484375
2 0.9375 0.546875 0.0171875 0.08984375
2 0.96640625 0.42109375 0.01875 0.09453125
2 0.5515625 0.43515625 0.01484375 0.04921875
2 0.8140625 0.49296875 0.01640625 0.1015625
2 0.86796875 0.4234375 0.015625 0.0765625