0 0.084375 0.5484375 0.16875 0.23515625
1 0.3265625 0.57109375 0.25625 0.215625
2 0.70234375 0.54296875 0.02734375 0.1203125
2 0.4921875 0.49921875 0.02109375 0.1015625
2 0.62421875 0.51796875 0.0203125 0.10390625
2 0.55390625 0.52890625 0.0203125 0.12265625
2 0.178125 0.42109375 0.01875 0.06953125
2 0.29609375 0.43515625 0.01484375 0.0484375
2 0.87109375 0.3765625 0.015625 0.0796875
2 0.51953125 0.4578125 0.0234375 0.08359375
2 0.465625 0.51875 0.01796875 0.10625
2 0.215625 0.43125 0.01875 0.0546875
2 0.36015625 0.43359375 0.0171875 0.0640625
2 0.53671875 0.53671875 0.01796875 0.1234375
2 0.17578125 0.50625 0.01875 0.11015625
2 0.17421875 0.35859375 0.025 0.06953125
2 0.2484375 0.4125 0.03046875 0.09453125
2 0.4640625 0.44453125 0.01796875 0.06796875
2 0.4171875 0.4734375 0.02265625 0.05390625