0 0.5515625 0.5859375 0.49921875 0.25234375
2 0.8515625 0.54375 0.0203125 0.0890625
2 0.18203125 0.575 0.0328125 0.1203125
2 0.26640625 0.56015625 0.02578125 0.11875
2 0.93984375 0.51640625 0.0234375 0.10703125
2 0.896875 0.51640625 0.01953125 0.09375
2 0.6796875 0.44375 0.01640625 0.046875
2 0.809375 0.50546875 0.0203125 0.10234375
2 0.23203125 0.50859375 0.021875 0.096875
2 0.77890625 0.459375 0.01328125 0.04453125
2 0.72109375 0.43984375 0.0171875 0.05546875
2 0.87890625 0.42265625 0.01796875 0.09375
2 0.9578125 0.57734375 0.0203125 0.0984375
2 0.5765625 0.4578125 0.0140625 0.0296875
2 0.98828125 0.3328125 0.01484375 0.06015625
2 0.746875 0.45859375 0.0125 0.021875
2 0.60546875 0.4625 0.0140625 0.01875
2 0.7140625 0.4390625 0.01484375 0.05546875
2 0.56171875 0.45234375 0.01328125 0.040625