0 0.10625 0.55 0.209375 0.23203125
2 0.5203125 0.51328125 0.02265625 0.10546875
2 0.66796875 0.5921875 0.0234375 0.1
0 0.9328125 0.653125 0.134375 0.290625
2 0.38984375 0.55625 0.02109375 0.09296875
2 0.4625 0.546875 0.02421875 0.09765625
2 0.35234375 0.51640625 0.0234375 0.1046875
2 0.29296875 0.4953125 0.02109375 0.09375
2 0.25234375 0.55859375 0.0265625 0.11328125
2 0.39375 0.49921875 0.0203125 0.08203125
2 0.025 0.38125 0.0234375 0.08828125
2 0.26953125 0.46640625 0.01796875 0.1
2 0.22734375 0.4578125 0.0171875 0.05234375
2 0.1796875 0.396875 0.0203125 0.09453125
2 0.68203125 0.5 0.0234375 0.115625
2 0.4265625 0.4921875 0.015625 0.0953125
2 0.43984375 0.5015625 0.0171875 0.109375
2 0.253125 0.484375 0.01484375 0.06875
2 0.2484375 0.4109375 0.01953125 0.08046875