0 0.646875 0.59296875 0.52265625 0.27265625
2 0.375 0.5296875 0.02734375 0.11640625
2 0.2796875 0.50625 0.0203125 0.10078125
2 0.21875 0.52109375 0.021875 0.1171875
2 0.259375 0.50546875 0.02109375 0.11484375
2 0.946875 0.3859375 0.01796875 0.0875
2 0.8078125 0.47265625 0.01875 0.04609375
2 0.12109375 0.38671875 0.01875 0.090625
2 0.6921875 0.45 0.01796875 0.0625
2 0.98203125 0.3515625 0.01796875 0.07734375
2 0.71640625 0.45 0.0171875 0.0671875
2 0.7328125 0.47734375 0.01640625 0.03671875
2 0.590625 0.4453125 0.015625 0.02890625
2 0.2046875 0.52734375 0.01953125 0.12109375
2 0.10546875 0.37265625 0.01640625 0.08828125
2 0.92890625 0.40078125 0.01171875 0.06640625
1 0.953125 0.5609375 0.0875 0.2125
2 0.91171875 0.409375 0.01484375 0.07421875
2 0.52421875 0.44296875 0.0171875 0.03125