2 0.7453125 0.51640625 0.02421875 0.12734375
2 0.85234375 0.409375 0.01953125 0.07421875
2 0.11015625 0.38203125 0.01640625 0.08671875
2 0.6484375 0.521875 0.0171875 0.11171875
2 0.94375 0.38203125 0.0171875 0.0765625
2 0.7859375 0.5296875 0.021875 0.10546875
2 0.68671875 0.509375 0.0171875 0.1015625
2 0.7890625 0.43046875 0.0203125 0.0953125
2 0.99296875 0.3546875 0.01328125 0.071875
2 0.7046875 0.5078125 0.0171875 0.09921875
2 0.8890625 0.3953125 0.01484375 0.0671875
2 0.7296875 0.409375 0.01640625 0.06875
2 0.56796875 0.4859375 0.01640625 0.0828125
2 0.71640625 0.4796875 0.01953125 0.12734375
2 0.81171875 0.4546875 0.0125 0.0265625
2 0.628125 0.47109375 0.015625 0.02421875
2 0.596875 0.49375 0.01953125 0.11640625
2 0.5265625 0.44921875 0.0171875 0.0375