2 0.5515625 0.53125 0.01875 0.115625
2 0.52578125 0.54140625 0.0265625 0.12109375
2 0.62265625 0.515625 0.01953125 0.10546875
2 0.5265625 0.45390625 0.0203125 0.0609375
2 0.48203125 0.521875 0.02109375 0.10546875
1 0.32734375 0.56953125 0.2578125 0.20703125
2 0.13046875 0.41640625 0.01796875 0.075
2 0.2171875 0.440625 0.01953125 0.06796875
2 0.27578125 0.4375 0.01796875 0.04765625
2 0.45546875 0.46328125 0.0171875 0.1140625
0 0.084375 0.5390625 0.165625 0.1921875
2 0.1890625 0.4671875 0.01640625 0.046875
2 0.33828125 0.4359375 0.0140625 0.065625
2 0.43125 0.52109375 0.0203125 0.04765625
2 0.4328125 0.48671875 0.01796875 0.02890625
2 0.396875 0.46796875 0.0140625 0.03046875
2 0.41328125 0.47265625 0.01875 0.0515625
2 0.09609375 0.3765625 0.01953125 0.03984375