0 0.9671875 0.54765625 0.065625 0.20546875
2 0.61640625 0.50859375 0.02421875 0.121875
2 0.84453125 0.4359375 0.01796875 0.08984375
2 0.48046875 0.54453125 0.02578125 0.11875
2 0.7859375 0.5265625 0.025 0.1171875
2 0.71953125 0.53359375 0.021875 0.1015625
2 0.8046875 0.50546875 0.01875 0.11171875
2 0.57265625 0.53125 0.02109375 0.109375
2 0.9328125 0.39765625 0.01640625 0.08125
2 0.646875 0.46171875 0.0234375 0.11328125
2 0.52265625 0.47578125 0.01796875 0.0875
2 0.715625 0.44296875 0.0171875 0.0734375
2 0.98046875 0.34453125 0.01640625 0.06796875
2 0.4875 0.46484375 0.01640625 0.03984375
2 0.54921875 0.471875 0.0171875 0.08671875
2 0.69921875 0.45703125 0.01953125 0.090625
2 0.9515625 0.3421875 0.0140625 0.05546875
2 0.70078125 0.51015625 0.0203125 0.115625
2 0.734375 0.36640625 0.01484375 0.1046875