0 0.221875 0.5625 0.2703125 0.209375
0 0.77890625 0.628125 0.43671875 0.25546875
2 0.54921875 0.52578125 0.02109375 0.11328125
2 0.45078125 0.53828125 0.021875 0.11484375
2 0.42265625 0.5125 0.0203125 0.10390625
2 0.059375 0.5109375 0.02265625 0.10078125
2 0.90546875 0.38671875 0.015625 0.0859375
2 0.06484375 0.4265625 0.01875 0.071875
2 0.03046875 0.52265625 0.0203125 0.09765625
2 0.10703125 0.434375 0.01640625 0.06953125
2 0.31875 0.4484375 0.01640625 0.04296875
2 0.35078125 0.47421875 0.0140625 0.11171875
2 0.51640625 0.5 0.01796875 0.09453125
2 0.21640625 0.42734375 0.01875 0.0625
2 0.45859375 0.48984375 0.015625 0.0796875
2 0.4328125 0.46171875 0.015625 0.071875
2 0.23125 0.39765625 0.009375 0.06015625
2 0.21796875 0.378125 0.01640625 0.0328125
2 0.0921875 0.41484375 0.0140625 0.07265625
2 0.11875 0.4125 0.0125 0.06875
2 0.8890625 0.41484375 0.0203125 0.10703125
2 0.93828125 0.43125 0.02109375 0.08828125