0 0.6421875 0.56640625 0.4875 0.24453125
0 0.94765625 0.5453125 0.0953125 0.20390625
2 0.32265625 0.5421875 0.02265625 0.1171875
2 0.26953125 0.5125 0.025 0.1140625
2 0.79765625 0.353125 0.01796875 0.078125
2 0.09375 0.41796875 0.0234375 0.09140625
2 0.68359375 0.4265625 0.01484375 0.05390625
2 0.81953125 0.3640625 0.0171875 0.08046875
2 0.12109375 0.3953125 0.021875 0.11171875
2 0.8359375 0.41640625 0.0203125 0.07578125
2 0.7296875 0.425 0.01796875 0.059375
2 0.77578125 0.44765625 0.01328125 0.02265625
2 0.91328125 0.3984375 0.021875 0.09296875
2 0.88515625 0.39140625 0.01875 0.0828125
2 0.89453125 0.55859375 0.0109375 0.0953125
2 0.659375 0.42109375 0.0203125 0.0390625