2 0.2546875 0.51640625 0.02421875 0.12734375
2 0.14765625 0.409375 0.01953125 0.07421875
2 0.88984375 0.38203125 0.01640625 0.08671875
2 0.3515625 0.521875 0.0171875 0.11171875
2 0.05625 0.38203125 0.0171875 0.0765625
2 0.2140625 0.5296875 0.021875 0.10546875
2 0.31328125 0.509375 0.0171875 0.1015625
2 0.2109375 0.43046875 0.0203125 0.0953125
2 0.00703125 0.3546875 0.01328125 0.071875
2 0.2953125 0.5078125 0.0171875 0.09921875
2 0.1109375 0.3953125 0.01484375 0.0671875
2 0.2703125 0.409375 0.01640625 0.06875
2 0.43203125 0.4859375 0.01640625 0.0828125
2 0.28359375 0.4796875 0.01953125 0.12734375
2 0.18828125 0.4546875 0.0125 0.0265625
2 0.371875 0.47109375 0.015625 0.02421875
2 0.403125 0.49375 0.01953125 0.11640625
2 0.4734375 0.44921875 0.0171875 0.0375