0 0.7421875 0.56328125 0.28203125 0.20234375
2 0.42265625 0.55 0.02265625 0.06953125
2 0.52890625 0.515625 0.025 0.10078125
2 0.2921875 0.5296875 0.02734375 0.11015625
2 0.825 0.446875 0.0234375 0.03984375
2 0.58984375 0.53359375 0.02265625 0.10546875
2 0.37265625 0.52109375 0.0234375 0.0875
2 0.9859375 0.5171875 0.02578125 0.09609375
2 0.95546875 0.515625 0.025 0.1015625
2 0.9109375 0.5234375 0.021875 0.08046875
2 0.10078125 0.3984375 0.02265625 0.09140625
2 0.39921875 0.478125 0.02265625 0.1109375
2 0.4421875 0.52109375 0.0171875 0.115625
2 0.475 0.53828125 0.025 0.1203125
2 0.4796875 0.47109375 0.0296875 0.10234375
2 0.5390625 0.46015625 0.0171875 0.10390625
2 0.59140625 0.4484375 0.02265625 0.0609375
2 0.625 0.43125 0.0171875 0.06171875
2 0.6796875 0.43671875 0.01328125 0.05859375
2 0.69375 0.434375 0.0125 0.071875
2 0.709375 0.4359375 0.0125 0.05078125
2 0.7328125 0.453125 0.0109375 0.01796875
2 0.746875 0.45078125 0.0171875 0.02265625
2 0.87734375 0.4171875 0.015625 0.09375
2 0.95546875 0.4125 0.02265625 0.0984375
2 0.96015625 0.3328125 0.01796875 0.06015625
2 0.7640625 0.45390625 0.0109375 0.01953125