0 0.46875 0.578125 0.33515625 0.2375
2 0.7296875 0.50859375 0.02734375 0.11640625
2 0.79921875 0.60546875 0.03203125 0.1359375
2 0.9 0.49296875 0.02578125 0.12109375
1 0.1203125 0.57265625 0.240625 0.2046875
2 0.26171875 0.39375 0.0171875 0.0765625
2 0.61640625 0.45390625 0.01484375 0.03671875
2 0.0328125 0.375 0.01640625 0.09609375
2 0.88671875 0.37890625 0.01640625 0.08125
2 0.134375 0.4125 0.01640625 0.0875
2 0.471875 0.4484375 0.01484375 0.040625
2 0.00859375 0.34453125 0.01484375 0.0671875
2 0.64296875 0.45078125 0.0203125 0.075
2 0.05078125 0.3875 0.015625 0.08828125
2 0.225 0.52109375 0.01875 0.0703125
2 0.2078125 0.4796875 0.01484375 0.0375
2 0.31484375 0.45703125 0.015625 0.0578125
2 0.39921875 0.43359375 0.015625 0.06328125
2 0.28359375 0.52734375 0.025 0.11171875
2 0.27890625 0.44765625 0.02421875 0.046875
2 0.25859375 0.52265625 0.01171875 0.10390625
2 0.24453125 0.5265625 0.01875 0.10859375
2 0.1859375 0.46171875 0.0171875 0.0296875
2 0.87265625 0.475 0.01875 0.10625
2 0.2125 0.390625 0.028125 0.11328125
2 0.1140625 0.39609375 0.01953125 0.09296875