0 0.440625 0.5765625 0.35703125 0.2390625
2 0.7015625 0.5578125 0.02890625 0.12109375
2 0.14921875 0.359375 0.01640625 0.08046875
2 0.86015625 0.3921875 0.01875 0.1
2 0.22109375 0.55546875 0.0234375 0.0875
2 0.8984375 0.40234375 0.01796875 0.09921875
2 0.17109375 0.52109375 0.02109375 0.0984375
2 0.03671875 0.51484375 0.02734375 0.10859375
2 0.28203125 0.4390625 0.015625 0.05625
2 0.21171875 0.4765625 0.02265625 0.08984375
2 0.17890625 0.35625 0.0203125 0.07421875
2 0.26015625 0.44921875 0.01875 0.065625
2 0.11171875 0.53125 0.02109375 0.08671875
2 0.08671875 0.52421875 0.01796875 0.09609375
2 0.08828125 0.4234375 0.0203125 0.109375
2 0.2984375 0.4375 0.01484375 0.0484375
2 0.0625 0.546875 0.0171875 0.08984375
2 0.03359375 0.42109375 0.01875 0.09453125
2 0.4484375 0.43515625 0.01484375 0.04921875
2 0.1859375 0.49296875 0.01640625 0.1015625
2 0.13203125 0.4234375 0.015625 0.0765625