0 0.0328125 0.54765625 0.065625 0.20546875
2 0.38359375 0.50859375 0.02421875 0.121875
2 0.15546875 0.4359375 0.01796875 0.08984375
2 0.51953125 0.54453125 0.02578125 0.11875
2 0.2140625 0.5265625 0.025 0.1171875
2 0.28046875 0.53359375 0.021875 0.1015625
2 0.1953125 0.50546875 0.01875 0.11171875
2 0.42734375 0.53125 0.02109375 0.109375
2 0.0671875 0.39765625 0.01640625 0.08125
2 0.353125 0.46171875 0.0234375 0.11328125
2 0.47734375 0.47578125 0.01796875 0.0875
2 0.284375 0.44296875 0.0171875 0.0734375
2 0.01953125 0.34453125 0.01640625 0.06796875
2 0.5125 0.46484375 0.01640625 0.03984375
2 0.45078125 0.471875 0.0171875 0.08671875
2 0.30078125 0.45703125 0.01953125 0.090625
2 0.0484375 0.3421875 0.0140625 0.05546875
2 0.29921875 0.51015625 0.0203125 0.115625
2 0.265625 0.36640625 0.01484375 0.1046875