0 0.53125 0.578125 0.33515625 0.2375
2 0.2703125 0.50859375 0.02734375 0.11640625
2 0.20078125 0.60546875 0.03203125 0.1359375
2 0.1 0.49296875 0.02578125 0.12109375
1 0.8796875 0.57265625 0.240625 0.2046875
2 0.73828125 0.39375 0.0171875 0.0765625
2 0.38359375 0.45390625 0.01484375 0.03671875
2 0.9671875 0.375 0.01640625 0.09609375
2 0.11328125 0.37890625 0.01640625 0.08125
2 0.865625 0.4125 0.01640625 0.0875
2 0.528125 0.4484375 0.01484375 0.040625
2 0.99140625 0.34453125 0.01484375 0.0671875
2 0.35703125 0.45078125 0.0203125 0.075
2 0.94921875 0.3875 0.015625 0.08828125
2 0.775 0.52109375 0.01875 0.0703125
2 0.7921875 0.4796875 0.01484375 0.0375
2 0.68515625 0.45703125 0.015625 0.0578125
2 0.60078125 0.43359375 0.015625 0.06328125
2 0.71640625 0.52734375 0.025 0.11171875
2 0.72109375 0.44765625 0.02421875 0.046875
2 0.74140625 0.52265625 0.01171875 0.10390625
2 0.75546875 0.5265625 0.01875 0.10859375
2 0.8140625 0.46171875 0.0171875 0.0296875
2 0.12734375 0.475 0.01875 0.10625
2 0.7875 0.390625 0.028125 0.11328125
2 0.8859375 0.39609375 0.01953125 0.09296875