0 0.92109375 0.5421875 0.1578125 0.21875
2 0.75546875 0.52421875 0.025 0.10546875
2 0.50625 0.53671875 0.025 0.1078125
2 0.83046875 0.4296875 0.02265625 0.07109375
2 0.56640625 0.52109375 0.02890625 0.1109375
2 0.50703125 0.484375 0.01953125 0.06484375
2 0.63828125 0.521875 0.0328125 0.109375
2 0.4421875 0.51640625 0.021875 0.11796875
2 0.11328125 0.40546875 0.0203125 0.09375
2 0.6921875 0.53046875 0.01171875 0.10078125
2 0.34453125 0.559375 0.02109375 0.11328125
2 0.37109375 0.5171875 0.01328125 0.10234375
2 0.39140625 0.48125 0.0203125 0.11953125
2 0.48125 0.540625 0.02109375 0.12109375
2 0.48359375 0.45 0.02109375 0.059375
2 0.53984375 0.46875 0.01796875 0.103125
2 0.60546875 0.5046875 0.01796875 0.10625
2 0.584375 0.4828125 0.01796875 0.0859375
2 0.64609375 0.440625 0.01484375 0.0484375
2 0.68125 0.43671875 0.0140625 0.06328125
2 0.69609375 0.45546875 0.0140625 0.0453125
2 0.7140625 0.50390625 0.02109375 0.11484375
2 0.73125 0.4703125 0.01484375 0.09375
2 0.74921875 0.43671875 0.01796875 0.05859375
2 0.7703125 0.440625 0.01875 0.065625
2 0.796875 0.52421875 0.021875 0.09765625
2 0.80078125 0.4578125 0.01640625 0.03515625
2 0.82578125 0.52734375 0.0234375 0.1125
2 0.7484375 0.38125 0.0140625 0.0515625
2 0.1375 0.3875 0.02109375 0.0890625