0 0.64453125 0.56328125 0.49140625 0.24140625
0 0.94921875 0.54296875 0.1015625 0.21640625
0 0.078125 0.64140625 0.15546875 0.2734375
2 0.2703125 0.5109375 0.0265625 0.1125
2 0.8140625 0.4296875 0.01875 0.06171875
2 0.71484375 0.43359375 0.01640625 0.04140625
2 0.65625 0.4265625 0.015625 0.05078125
2 0.74453125 0.353125 0.0171875 0.07421875
2 0.1171875 0.38359375 0.01640625 0.08515625
2 0.05 0.48125 0.0171875 0.03984375
2 0.3828125 0.48515625 0.028125 0.1421875
2 0.59375 0.421875 0.0140625 0.0359375
2 0.95546875 0.38984375 0.0203125 0.08671875
2 0.88671875 0.39453125 0.0234375 0.0921875
2 0.8078125 0.359375 0.01953125 0.075