0 0.89140625 0.5625 0.21328125 0.21015625
0 0.62578125 0.5625 0.27734375 0.2140625
2 0.175 0.525 0.025 0.11796875
2 0.2953125 0.4984375 0.02421875 0.109375
2 0.0109375 0.50703125 0.021875 0.11171875
2 0.8171875 0.36953125 0.01796875 0.07734375
2 0.4390625 0.50625 0.0265625 0.1203125
2 0.528125 0.44921875 0.01484375 0.03359375
2 0.71640625 0.43203125 0.01640625 0.04375
2 0.94375 0.396875 0.0171875 0.0875
2 0.73984375 0.40859375 0.01640625 0.0734375
2 0.80859375 0.36640625 0.015625 0.07734375
2 0.75859375 0.37265625 0.01171875 0.0609375