2 0.93828125 0.51328125 0.025 0.10234375
2 0.2890625 0.5390625 0.0265625 0.11328125
2 0.76875 0.48828125 0.01640625 0.090625
2 0.809375 0.50859375 0.02109375 0.10546875
2 0.75546875 0.55625 0.01953125 0.0828125
2 0.8921875 0.51640625 0.0203125 0.09140625
2 0.715625 0.525 0.01953125 0.09609375
2 0.478125 0.55234375 0.01953125 0.1125
2 0.7609375 0.4 0.02265625 0.0875
2 0.65625 0.52578125 0.02109375 0.09921875
2 0.53046875 0.46015625 0.021875 0.10234375
2 0.60390625 0.5359375 0.02421875 0.0984375
2 0.6390625 0.43046875 0.015625 0.04375
2 0.5734375 0.5296875 0.0203125 0.1109375
2 0.78984375 0.4921875 0.0171875 0.09609375
2 0.5078125 0.5203125 0.01953125 0.1125
2 0.5015625 0.5421875 0.01875 0.10859375
2 0.68046875 0.525 0.01640625 0.0875
2 0.690625 0.503125 0.01484375 0.0984375
2 0.4734375 0.48125 0.01875 0.03515625
2 0.74765625 0.490625 0.0140625 0.07421875
2 0.57734375 0.46171875 0.0171875 0.05078125
2 0.459375 0.48984375 0.02109375 0.1109375