0 0.4484375 0.5859375 0.49921875 0.25234375
2 0.1484375 0.54375 0.0203125 0.0890625
2 0.81796875 0.575 0.0328125 0.1203125
2 0.73359375 0.56015625 0.02578125 0.11875
2 0.06015625 0.51640625 0.0234375 0.10703125
2 0.103125 0.51640625 0.01953125 0.09375
2 0.3203125 0.44375 0.01640625 0.046875
2 0.190625 0.50546875 0.0203125 0.10234375
2 0.76796875 0.50859375 0.021875 0.096875
2 0.22109375 0.459375 0.01328125 0.04453125
2 0.27890625 0.43984375 0.0171875 0.05546875
2 0.12109375 0.42265625 0.01796875 0.09375
2 0.0421875 0.57734375 0.0203125 0.0984375
2 0.4234375 0.4578125 0.0140625 0.0296875
2 0.01171875 0.3328125 0.01484375 0.06015625
2 0.253125 0.45859375 0.0125 0.021875
2 0.39453125 0.4625 0.0140625 0.01875
2 0.2859375 0.4390625 0.01484375 0.05546875
2 0.43828125 0.45234375 0.01328125 0.040625