2 0.4734375 0.471875 0.01640625 0.0828125
2 0.8875 0.38203125 0.01640625 0.08359375
2 0.63203125 0.5515625 0.0203125 0.08125
2 0.7328125 0.50703125 0.01953125 0.10625
2 0.1546875 0.41171875 0.015625 0.07890625
2 0.171875 0.484375 0.0140625 0.02734375
1 0.27109375 0.6015625 0.24140625 0.22734375
2 0.0234375 0.3734375 0.0171875 0.08515625
2 0.78203125 0.5265625 0.01875 0.11015625
2 0.253125 0.47265625 0.0140625 0.0296875
2 0.190625 0.4671875 0.015625 0.028125
2 0.3375 0.4453125 0.0171875 0.0859375
2 0.0578125 0.3953125 0.015625 0.08515625
2 0.4015625 0.50078125 0.01875 0.10625
2 0.2875 0.45390625 0.02109375 0.06640625
2 0.87421875 0.38359375 0.0140625 0.0765625
2 0.06953125 0.5125 0.01484375 0.08828125
2 0.44375 0.51875 0.0265625 0.1078125
2 0.3703125 0.50546875 0.015625 0.1
2 0.61640625 0.46796875 0.01640625 0.10234375
2 0.08046875 0.51640625 0.021875 0.09140625
2 0.5046875 0.4890625 0.02890625 0.1203125
2 0.5578125 0.48046875 0.01875 0.075
2 0.3125 0.4734375 0.01640625 0.03515625
2 0.20703125 0.4296875 0.01796875 0.09765625
2 0.109375 0.396875 0.02265625 0.09375