2 0.95703125 0.5140625 0.025 0.10078125
2 0.51875 0.5453125 0.0203125 0.10234375
2 0.85234375 0.4109375 0.02109375 0.0859375
2 0.7578125 0.52109375 0.02109375 0.1
2 0.88046875 0.5171875 0.021875 0.10390625
2 0.56328125 0.53359375 0.0203125 0.0984375
2 0.540625 0.4640625 0.0171875 0.10703125
2 0.8234375 0.51484375 0.02890625 0.1203125
2 0.48359375 0.45 0.0203125 0.0546875
2 0.5078125 0.4953125 0.01875 0.08984375
2 0.82421875 0.42578125 0.01796875 0.0703125
2 0.91875 0.52578125 0.0203125 0.08984375
2 0.12734375 0.3796875 0.01484375 0.07734375
2 0.36015625 0.55703125 0.02109375 0.1296875
2 0.84765625 0.34609375 0.01484375 0.05625
2 0.6453125 0.5203125 0.02578125 0.11171875
2 0.7171875 0.50703125 0.021875 0.1171875
2 0.375 0.5125 0.01796875 0.1
2 0.61875 0.53515625 0.02578125 0.109375
2 0.48203125 0.540625 0.021875 0.1234375
2 0.7015625 0.475 0.015625 0.06640625
2 0.99140625 0.5140625 0.0171875 0.09921875
2 0.68515625 0.43828125 0.01328125 0.059375
2 0.76328125 0.45546875 0.0171875 0.05078125
2 0.64140625 0.43984375 0.01328125 0.0578125
2 0.72109375 0.44765625 0.0140625 0.04375
2 0.8125 0.36484375 0.01484375 0.07578125
2 0.5671875 0.47890625 0.02421875 0.0328125
2 0.6046875 0.50390625 0.01640625 0.10859375
2 0.675 0.490625 0.015625 0.09921875
2 0.68515625 0.51875 0.01171875 0.09921875
2 0.9015625 0.42265625 0.01796875 0.08828125
2 0.92734375 0.39140625 0.01484375 0.078125