2 0.67890625 0.5515625 0.02578125 0.12265625
2 0.24609375 0.528125 0.02265625 0.10625
2 0.071875 0.51875 0.0203125 0.0921875
2 0.19453125 0.4796875 0.0171875 0.09765625
2 0.02578125 0.51171875 0.02578125 0.10546875
2 0.30859375 0.5265625 0.02265625 0.09921875
2 0.45625 0.515625 0.01953125 0.109375
2 0.21484375 0.55546875 0.0203125 0.0828125
2 0.8578125 0.39140625 0.02265625 0.08671875
2 0.359375 0.53359375 0.01875 0.10625
2 0.15390625 0.509375 0.0234375 0.109375
2 0.4390625 0.45859375 0.0171875 0.096875
2 0.39375 0.52421875 0.021875 0.109375
2 0.3671875 0.4359375 0.0140625 0.05703125
2 0.21015625 0.48984375 0.01328125 0.07734375
2 0.334375 0.509375 0.015625 0.09453125
2 0.4953125 0.53203125 0.0203125 0.1109375
2 0.17421875 0.49140625 0.0171875 0.09453125
2 0.3921875 0.46171875 0.015625 0.04375
2 0.484375 0.4609375 0.01875 0.05859375
2 0.36015625 0.49375 0.015625 0.07109375
2 0.40390625 0.459375 0.015625 0.04140625
2 0.4703125 0.5390625 0.015625 0.0890625