2 0.48828125 0.53515625 0.0234375 0.0953125
2 0.83359375 0.39765625 0.0203125 0.08046875
2 0.31953125 0.46171875 0.0203125 0.0859375
2 0.85078125 0.4203125 0.01796875 0.071875
2 0.6890625 0.43671875 0.01640625 0.0609375
2 0.203125 0.40625 0.01796875 0.078125
2 0.4484375 0.4640625 0.0203125 0.09296875
2 0.98046875 0.41015625 0.0171875 0.05
2 0.90390625 0.50625 0.01875 0.09609375
2 0.88125 0.51640625 0.01875 0.08828125
2 0.88359375 0.36953125 0.0109375 0.07578125
2 0.8953125 0.37265625 0.0125 0.0703125
2 0.85390625 0.509375 0.0203125 0.08984375