0 0.8703125 0.5515625 0.259375 0.2390625
2 0.33203125 0.59140625 0.0234375 0.0984375
2 0.4796875 0.51015625 0.02265625 0.1109375
2 0.3078125 0.5296875 0.02109375 0.11796875
2 0.61015625 0.55234375 0.02265625 0.09296875
2 0.696875 0.5046875 0.021875 0.09453125
2 0.78515625 0.36484375 0.01953125 0.078125
2 0.5375 0.546875 0.025 0.09375
2 0.73203125 0.46484375 0.0203125 0.0921875
2 0.60703125 0.49296875 0.01796875 0.07109375
2 0.56953125 0.5234375 0.02265625 0.1171875
2 0.6421875 0.46796875 0.0171875 0.10859375
2 0.125 0.40078125 0.015625 0.09296875