0 0.5296875 0.5828125 0.51171875 0.259375
2 0.19921875 0.56171875 0.0265625 0.12265625
2 0.8859375 0.52109375 0.0203125 0.10234375
2 0.86015625 0.5421875 0.02265625 0.08515625
2 0.959375 0.515625 0.02578125 0.10859375
2 0.83046875 0.5078125 0.01953125 0.10390625
2 0.69140625 0.4375 0.0171875 0.0671875
2 0.8078125 0.4875 0.02109375 0.0875
2 0.77109375 0.45625 0.015625 0.05234375
2 0.7109375 0.4390625 0.015625 0.06796875
2 0.99375 0.3546875 0.0125 0.07421875
2 0.73828125 0.4578125 0.01328125 0.02421875
2 0.63203125 0.4421875 0.03359375 0.05390625