0 0.37109375 0.56171875 0.2703125 0.21171875
2 0.19140625 0.50390625 0.02265625 0.10546875
2 0.09765625 0.5125 0.02421875 0.09921875
2 0.14921875 0.434375 0.01796875 0.08984375
2 0.56015625 0.521875 0.02265625 0.11796875
2 0.90390625 0.3828125 0.01796875 0.0875
2 0.51640625 0.54140625 0.02265625 0.10703125
2 0.21484375 0.43046875 0.01875 0.08203125
2 0.17578125 0.36953125 0.01640625 0.07734375
2 0.35234375 0.42578125 0.021875 0.05703125
2 0.28203125 0.42578125 0.0171875 0.05234375
2 0.29609375 0.43515625 0.01484375 0.03828125
2 0.05 0.41328125 0.02109375 0.0953125
2 0.51328125 0.4625 0.0171875 0.0453125
2 0.228125 0.3828125 0.01328125 0.059375
2 0.2359375 0.4796875 0.01875 0.08203125
2 0.4734375 0.4484375 0.01484375 0.03671875
2 0.02734375 0.3859375 0.01484375 0.07421875
2 0.0578125 0.325 0.01796875 0.05625