0 0.3578125 0.56640625 0.4875 0.24453125
0 0.05234375 0.5453125 0.0953125 0.20390625
2 0.67734375 0.5421875 0.02265625 0.1171875
2 0.73046875 0.5125 0.025 0.1140625
2 0.20234375 0.353125 0.01796875 0.078125
2 0.90625 0.41796875 0.0234375 0.09140625
2 0.31640625 0.4265625 0.01484375 0.05390625
2 0.18046875 0.3640625 0.0171875 0.08046875
2 0.87890625 0.3953125 0.021875 0.11171875
2 0.1640625 0.41640625 0.0203125 0.07578125
2 0.2703125 0.425 0.01796875 0.059375
2 0.22421875 0.44765625 0.01328125 0.02265625
2 0.08671875 0.3984375 0.021875 0.09296875
2 0.11484375 0.39140625 0.01875 0.0828125
2 0.10546875 0.55859375 0.0109375 0.0953125
2 0.340625 0.42109375 0.0203125 0.0390625