2 0.80234375 0.50078125 0.02265625 0.1125
2 0.8609375 0.5234375 0.02265625 0.09765625
2 0.44375 0.53828125 0.02421875 0.11015625
2 0.93359375 0.5125 0.02109375 0.1
2 0.3609375 0.46640625 0.0203125 0.1078125
2 0.61796875 0.51640625 0.01953125 0.10546875
2 0.91328125 0.52421875 0.01953125 0.1015625
2 0.321875 0.56640625 0.02265625 0.121875
2 0.528125 0.47421875 0.0171875 0.084375
2 0.10078125 0.40703125 0.01875 0.08515625
2 0.5359375 0.5265625 0.01953125 0.10234375
2 0.7421875 0.43046875 0.02109375 0.09296875
2 0.6640625 0.49609375 0.01875 0.08359375
2 0.59765625 0.53984375 0.01953125 0.096875
2 0.4984375 0.50234375 0.01875 0.090625
2 0.69921875 0.43515625 0.0203125 0.07734375
2 0.72734375 0.50703125 0.0234375 0.1046875
2 0.56484375 0.53828125 0.01796875 0.1046875
2 0.99453125 0.35859375 0.0109375 0.08125
2 0.7078125 0.52578125 0.021875 0.10625
2 0.0140625 0.5046875 0.021875 0.10859375
2 0.1203125 0.3828125 0.01796875 0.08828125
2 0.2984375 0.51015625 0.01640625 0.10859375
2 0.2796875 0.5125 0.02734375 0.109375
2 0.15390625 0.5265625 0.02265625 0.11484375
2 0.07890625 0.4109375 0.015625 0.078125
2 0.76328125 0.4765625 0.02265625 0.09375
2 0.78984375 0.4375 0.0203125 0.0875
2 0.88671875 0.3953125 0.028125 0.090625