2 0.87265625 0.51328125 0.02265625 0.103125
2 0.9671875 0.39921875 0.01875 0.078125
2 0.45625 0.5234375 0.02421875 0.1125
2 0.35546875 0.4671875 0.01875 0.10078125
2 0.53359375 0.53671875 0.02265625 0.11796875
2 0.753125 0.39375 0.0171875 0.08203125
2 0.73046875 0.528125 0.0203125 0.09765625
2 0.834375 0.52734375 0.02265625 0.1
2 0.81484375 0.5 0.01953125 0.10625
2 0.56953125 0.53203125 0.02265625 0.10078125
2 0.80703125 0.41953125 0.01953125 0.07109375
2 0.63515625 0.53203125 0.0171875 0.09453125
2 0.78828125 0.5328125 0.021875 0.11015625
2 0.77109375 0.53125 0.0203125 0.10859375
2 0.68671875 0.5125 0.0203125 0.10546875
2 0.29140625 0.51171875 0.0234375 0.1171875
2 0.759375 0.49765625 0.01640625 0.09765625
2 0.48046875 0.49453125 0.021875 0.11875
2 0.7140625 0.51015625 0.01796875 0.0890625
2 0.596875 0.5125 0.0234375 0.12265625
2 0.9953125 0.43046875 0.00859375 0.08671875
2 0.66171875 0.50546875 0.01640625 0.11640625
2 0.53046875 0.4625 0.01484375 0.06015625
2 0.775 0.41171875 0.01796875 0.07890625
2 0.71953125 0.43984375 0.01875 0.04453125
2 0.65 0.528125 0.01484375 0.11328125
2 0.6390625 0.4484375 0.01484375 0.0609375