0 0.07890625 0.5421875 0.1578125 0.21875
2 0.24453125 0.52421875 0.025 0.10546875
2 0.49375 0.53671875 0.025 0.1078125
2 0.16953125 0.4296875 0.02265625 0.07109375
2 0.43359375 0.52109375 0.02890625 0.1109375
2 0.49296875 0.484375 0.01953125 0.06484375
2 0.36171875 0.521875 0.0328125 0.109375
2 0.5578125 0.51640625 0.021875 0.11796875
2 0.88671875 0.40546875 0.0203125 0.09375
2 0.3078125 0.53046875 0.01171875 0.10078125
2 0.65546875 0.559375 0.02109375 0.11328125
2 0.62890625 0.5171875 0.01328125 0.10234375
2 0.60859375 0.48125 0.0203125 0.11953125
2 0.51875 0.540625 0.02109375 0.12109375
2 0.51640625 0.45 0.02109375 0.059375
2 0.46015625 0.46875 0.01796875 0.103125
2 0.39453125 0.5046875 0.01796875 0.10625
2 0.415625 0.4828125 0.01796875 0.0859375
2 0.35390625 0.440625 0.01484375 0.0484375
2 0.31875 0.43671875 0.0140625 0.06328125
2 0.30390625 0.45546875 0.0140625 0.0453125
2 0.2859375 0.50390625 0.02109375 0.11484375
2 0.26875 0.4703125 0.01484375 0.09375
2 0.25078125 0.43671875 0.01796875 0.05859375
2 0.2296875 0.440625 0.01875 0.065625
2 0.203125 0.52421875 0.021875 0.09765625
2 0.19921875 0.4578125 0.01640625 0.03515625
2 0.17421875 0.52734375 0.0234375 0.1125
2 0.2515625 0.38125 0.0140625 0.0515625
2 0.8625 0.3875 0.02109375 0.0890625