0 0.81796875 0.54609375 0.32421875 0.21796875
2 0.51640625 0.50234375 0.01953125 0.10234375
2 0.6453125 0.521875 0.0328125 0.10859375
2 0.44765625 0.53515625 0.01796875 0.10234375
2 0.6046875 0.5015625 0.02421875 0.10390625
2 0.47578125 0.53671875 0.03359375 0.1203125
2 0.371875 0.51484375 0.01875 0.10625
2 0.48203125 0.45078125 0.021875 0.053125
2 0.5625 0.53984375 0.01796875 0.10546875
2 0.578125 0.51640625 0.0125 0.1015625
2 0.6359375 0.43359375 0.0140625 0.0640625
2 0.64921875 0.44296875 0.01171875 0.0453125
2 0.678125 0.43125 0.0125 0.04296875
2 0.69375 0.42734375 0.015625 0.04140625
2 0.7125 0.4328125 0.0140625 0.02734375
2 0.7546875 0.4390625 0.01328125 0.0140625
2 0.825 0.434375 0.01328125 0.0140625
2 0.80390625 0.36875 0.021875 0.08671875
2 0.84140625 0.396875 0.01328125 0.08046875
2 0.9890625 0.36484375 0.01796875 0.0734375
2 0.98984375 0.5140625 0.0203125 0.1125
2 0.24140625 0.47734375 0.02109375 0.11640625
2 0.1375 0.384375 0.01640625 0.07890625
2 0.8546875 0.35703125 0.01015625 0.06796875