2 0.3703125 0.5546875 0.02890625 0.1171875
2 0.78203125 0.52578125 0.02109375 0.103125
2 0.94375 0.51640625 0.0203125 0.09296875
2 0.86171875 0.5171875 0.02265625 0.11015625
2 0.1015625 0.38515625 0.0171875 0.084375
2 0.63515625 0.53203125 0.015625 0.0984375
2 0.73671875 0.53046875 0.02265625 0.09609375
2 0.83125 0.35078125 0.01640625 0.08046875
2 0.43984375 0.50390625 0.0265625 0.12265625
2 0.58515625 0.53359375 0.02578125 0.10390625
2 0.81015625 0.51796875 0.0203125 0.11953125
2 0.53515625 0.52265625 0.02421875 0.1078125
2 0.7859375 0.42421875 0.02109375 0.08984375
2 0.2296875 0.52578125 0.0234375 0.1140625
2 0.3671875 0.45234375 0.01875 0.075
2 0.20703125 0.53203125 0.02265625 0.115625
2 0.94921875 0.4 0.01640625 0.0875
2 0.5671875 0.4890625 0.01875 0.08359375
2 0.87109375 0.4203125 0.01328125 0.0765625
2 0.72265625 0.45 0.0171875 0.053125
2 0.71328125 0.50625 0.01796875 0.10625
2 0.88359375 0.5203125 0.01875 0.0734375
2 0.52109375 0.49921875 0.01875 0.10078125
2 0.68515625 0.5140625 0.015625 0.10703125
2 0.2875 0.51484375 0.01953125 0.11171875
2 0.93515625 0.4234375 0.015625 0.0828125
2 0.28046875 0.51015625 0.025 0.11015625
2 0.921875 0.51640625 0.0171875 0.08828125
2 0.7453125 0.4953125 0.01796875 0.075
2 0.49140625 0.49765625 0.02265625 0.11953125