0 0.3375 0.6796875 0.103125 0.3203125
1 0.38203125 0.48671875 0.040625 0.13046875
0 0.471875 0.41015625 0.04765625 0.13203125
0 0.653125 0.40078125 0.0640625 0.121875
0 0.88046875 0.5203125 0.09453125 0.18359375
2 0.2234375 0.73359375 0.025 0.08203125
2 0.221875 0.81640625 0.02421875 0.07890625
2 0.21171875 0.76953125 0.0125 0.0234375
2 0.2515625 0.63359375 0.015625 0.06640625
2 0.27890625 0.628125 0.01484375 0.06953125
2 0.29453125 0.64375 0.01953125 0.078125
2 0.328125 0.5140625 0.01328125 0.05234375
2 0.3375 0.47734375 0.0140625 0.05078125
0 0.7 0.3890625 0.06171875 0.07578125