0 0.6625 0.6796875 0.103125 0.3203125
1 0.61796875 0.48671875 0.040625 0.13046875
0 0.528125 0.41015625 0.04765625 0.13203125
0 0.346875 0.40078125 0.0640625 0.121875
0 0.11953125 0.5203125 0.09453125 0.18359375
2 0.7765625 0.73359375 0.025 0.08203125
2 0.778125 0.81640625 0.02421875 0.07890625
2 0.78828125 0.76953125 0.0125 0.0234375
2 0.7484375 0.63359375 0.015625 0.06640625
2 0.72109375 0.628125 0.01484375 0.06953125
2 0.70546875 0.64375 0.01953125 0.078125
2 0.671875 0.5140625 0.01328125 0.05234375
2 0.6625 0.47734375 0.0140625 0.05078125
0 0.3 0.3890625 0.06171875 0.07578125