2 0.17578125 0.78203125 0.01953125 0.0796875
0 0.96171875 0.57421875 0.075 0.1515625
2 0.2703125 0.54375 0.0140625 0.0625
2 0.175 0.696875 0.01875 0.08203125
2 0.10703125 0.55625 0.01171875 0.053125
2 0.23046875 0.6890625 0.01640625 0.0703125
2 0.21484375 0.69609375 0.01328125 0.0671875
2 0.23515625 0.6171875 0.01484375 0.06875
2 0.20546875 0.8140625 0.0171875 0.0875
0 0.35703125 0.53984375 0.07265625 0.17578125
2 0.31640625 0.521875 0.0125 0.0578125
2 0.2328125 0.746875 0.02109375 0.065625
2 0.278125 0.478125 0.01015625 0.028125
2 0.2578125 0.640625 0.01875 0.0625
0 0.3734375 0.83359375 0.128125 0.3328125
2 0.2546875 0.52734375 0.015625 0.05078125
2 0.2453125 0.81171875 0.0234375 0.07578125
2 0.1484375 0.6875 0.02109375 0.07421875