2 0.82421875 0.78203125 0.01953125 0.0796875
0 0.03828125 0.57421875 0.075 0.1515625
2 0.7296875 0.54375 0.0140625 0.0625
2 0.825 0.696875 0.01875 0.08203125
2 0.89296875 0.55625 0.01171875 0.053125
2 0.76953125 0.6890625 0.01640625 0.0703125
2 0.78515625 0.69609375 0.01328125 0.0671875
2 0.76484375 0.6171875 0.01484375 0.06875
2 0.79453125 0.8140625 0.0171875 0.0875
0 0.64296875 0.53984375 0.07265625 0.17578125
2 0.68359375 0.521875 0.0125 0.0578125
2 0.7671875 0.746875 0.02109375 0.065625
2 0.721875 0.478125 0.01015625 0.028125
2 0.7421875 0.640625 0.01875 0.0625
0 0.6265625 0.83359375 0.128125 0.3328125
2 0.7453125 0.52734375 0.015625 0.05078125
2 0.7546875 0.81171875 0.0234375 0.07578125
2 0.8515625 0.6875 0.02109375 0.07421875