0 0.82421875 0.50078125 0.096875 0.159375
0 0.33046875 0.7265625 0.103125 0.36484375
0 0.428125 0.5859375 0.0703125 0.2515625
0 0.521875 0.60078125 0.075 0.259375
1 0.378125 0.49453125 0.04453125 0.13125
2 0.384375 0.6453125 0.01484375 0.08515625
2 0.25390625 0.6671875 0.021875 0.07578125
2 0.24453125 0.69375 0.015625 0.0703125
2 0.2359375 0.78359375 0.0234375 0.08203125
2 0.2140625 0.8625 0.015625 0.07421875
2 0.2203125 0.83671875 0.01640625 0.065625
2 0.19296875 0.84921875 0.02109375 0.08671875
2 0.17265625 0.71953125 0.02265625 0.08984375
2 0.3015625 0.51640625 0.009375 0.0546875
2 0.3125 0.528125 0.01171875 0.059375
2 0.33828125 0.503125 0.01328125 0.05859375
2 0.17421875 0.853125 0.01171875 0.05546875