2 0.63359375 0.43046875 0.059375 0.23046875
2 0.38828125 0.409375 0.05546875 0.315625
2 0.56796875 0.79765625 0.1140625 0.4046875
2 0.071875 0.3015625 0.05859375 0.153125
2 0.1453125 0.8859375 0.11171875 0.228125
2 0.26015625 0.578125 0.12109375 0.31953125
2 0.646875 0.2671875 0.0265625 0.1015625
2 0.61796875 0.29921875 0.03359375 0.1609375
2 0.80546875 0.703125 0.12421875 0.4
2 0.91875 0.86796875 0.1171875 0.2640625
2 0.8828125 0.54765625 0.046875 0.23671875
2 0.17734375 0.7390625 0.109375 0.21171875
2 0.2046875 0.646875 0.11171875 0.22109375
2 0.65625 0.69375 0.06640625 0.34140625
2 0.7171875 0.6828125 0.07890625 0.384375