2 0.4671875 0.484375 0.075 0.39921875
2 0.6265625 0.32734375 0.03671875 0.18828125
2 0.63671875 0.38671875 0.04765625 0.2
2 0.7140625 0.4578125 0.07109375 0.2671875
2 0.8765625 0.64453125 0.08359375 0.32890625
2 0.17890625 0.85546875 0.1546875 0.28828125
2 0.1921875 0.69375 0.109375 0.215625
2 0.2640625 0.6828125 0.11796875 0.353125
2 0.915625 0.8375 0.16875 0.32265625
2 0.81484375 0.49296875 0.065625 0.32578125
2 0.59296875 0.309375 0.0234375 0.1984375
2 0.428125 0.36328125 0.053125 0.30078125
2 0.33984375 0.30625 0.04140625 0.2046875