2 0.16328125 0.85078125 0.1296875 0.29765625
2 0.196875 0.690625 0.11171875 0.2296875
2 0.24140625 0.634375 0.09921875 0.17578125
2 0.26015625 0.50703125 0.0984375 0.24609375
2 0.68203125 0.54765625 0.0515625 0.2359375
2 0.59140625 0.309375 0.03359375 0.2078125
2 0.66953125 0.37421875 0.05234375 0.20703125
2 0.09453125 0.93828125 0.08671875 0.1234375
2 0.921875 0.57578125 0.059375 0.19140625
2 0.89921875 0.796875 0.1265625 0.40625
2 0.8375 0.74921875 0.13515625 0.40859375
2 0.375 0.35390625 0.04765625 0.2984375
2 0.3328125 0.2828125 0.02734375 0.2171875
2 0.965625 0.80859375 0.06171875 0.29375
2 0.728125 0.4203125 0.05078125 0.2359375
2 0.7390625 0.5484375 0.06328125 0.309375
2 0.4734375 0.92578125 0.17578125 0.1484375
2 0.0640625 0.32109375 0.04765625 0.15625
2 0.64609375 0.3015625 0.034375 0.128125