2 0.83671875 0.85078125 0.1296875 0.29765625
2 0.803125 0.690625 0.11171875 0.2296875
2 0.75859375 0.634375 0.09921875 0.17578125
2 0.73984375 0.50703125 0.0984375 0.24609375
2 0.31796875 0.54765625 0.0515625 0.2359375
2 0.40859375 0.309375 0.03359375 0.2078125
2 0.33046875 0.37421875 0.05234375 0.20703125
2 0.90546875 0.93828125 0.08671875 0.1234375
2 0.078125 0.57578125 0.059375 0.19140625
2 0.10078125 0.796875 0.1265625 0.40625
2 0.1625 0.74921875 0.13515625 0.40859375
2 0.625 0.35390625 0.04765625 0.2984375
2 0.6671875 0.2828125 0.02734375 0.2171875
2 0.034375 0.80859375 0.06171875 0.29375
2 0.271875 0.4203125 0.05078125 0.2359375
2 0.2609375 0.5484375 0.06328125 0.309375
2 0.5265625 0.92578125 0.17578125 0.1484375
2 0.9359375 0.32109375 0.04765625 0.15625
2 0.35390625 0.3015625 0.034375 0.128125