2 0.64296875 0.4625 0.0765625 0.2890625
2 0.70078125 0.47109375 0.05234375 0.20078125
2 0.75703125 0.46484375 0.07734375 0.27421875
2 0.82890625 0.5875 0.07890625 0.33671875
2 0.91171875 0.6390625 0.090625 0.29609375
2 0.92265625 0.8828125 0.11171875 0.234375
2 0.7953125 0.8265625 0.13984375 0.346875
2 0.55625 0.915625 0.134375 0.16796875
2 0.1359375 0.8875 0.171875 0.225
2 0.1890625 0.7046875 0.10234375 0.25703125
2 0.25703125 0.52734375 0.09296875 0.3171875
2 0.3015625 0.3609375 0.05546875 0.27421875