2 0.840625 0.628125 0.1171875 0.309375
2 0.6671875 0.3234375 0.053125 0.16171875
2 0.70234375 0.728125 0.14609375 0.446875
2 0.69453125 0.48203125 0.0796875 0.24453125
2 0.75390625 0.46875 0.03359375 0.07265625
2 0.40234375 0.3328125 0.05234375 0.159375
2 0.27421875 0.62734375 0.14140625 0.34765625
2 0.21328125 0.7875 0.18671875 0.41171875
2 0.12109375 0.94140625 0.1625 0.1171875
2 0.1828125 0.28046875 0.0421875 0.19921875
2 0.10625 0.2765625 0.02578125 0.1296875
2 0.084375 0.2953125 0.02109375 0.09765625
2 0.07578125 0.28203125 0.01796875 0.1046875
2 0.0578125 0.28671875 0.0234375 0.1015625