2 0.159375 0.628125 0.1171875 0.309375
2 0.3328125 0.3234375 0.053125 0.16171875
2 0.29765625 0.728125 0.14609375 0.446875
2 0.30546875 0.48203125 0.0796875 0.24453125
2 0.24609375 0.46875 0.03359375 0.07265625
2 0.59765625 0.3328125 0.05234375 0.159375
2 0.72578125 0.62734375 0.14140625 0.34765625
2 0.78671875 0.7875 0.18671875 0.41171875
2 0.87890625 0.94140625 0.1625 0.1171875
2 0.8171875 0.28046875 0.0421875 0.19921875
2 0.89375 0.2765625 0.02578125 0.1296875
2 0.915625 0.2953125 0.02109375 0.09765625
2 0.92421875 0.28203125 0.01796875 0.1046875
2 0.9421875 0.28671875 0.0234375 0.1015625