2 0.078125 0.2703125 0.02109375 0.1
2 0.56640625 0.39296875 0.0203125 0.08046875
2 0.58671875 0.51796875 0.021875 0.10078125
2 0.04609375 0.27109375 0.01953125 0.08828125
2 0.028125 0.16484375 0.01328125 0.06171875
2 0.20625 0.24296875 0.01796875 0.084375
2 0.14296875 0.27578125 0.0203125 0.06953125
2 0.8640625 0.66484375 0.03984375 0.1015625
2 0.31875 0.3734375 0.0171875 0.0859375
2 0.3359375 0.41171875 0.0171875 0.09453125
2 0.3609375 0.39296875 0.021875 0.09453125
2 0.025 0.27109375 0.0171875 0.1015625
2 0.0359375 0.21015625 0.021875 0.03671875
2 0.1625 0.290625 0.01640625 0.08515625