2 0.80234375 0.5640625 0.021875 0.090625
2 0.41796875 0.48359375 0.021875 0.071875
2 0.66015625 0.4734375 0.01953125 0.08359375
2 0.69375 0.53671875 0.01953125 0.075
2 0.97109375 0.53984375 0.02109375 0.0765625
2 0.57421875 0.471875 0.01796875 0.07734375
2 0.6234375 0.5453125 0.02265625 0.0984375
2 0.75234375 0.5421875 0.01875 0.065625
2 0.85625 0.56328125 0.02734375 0.07734375
2 0.528125 0.50078125 0.01796875 0.08359375
2 0.3234375 0.4 0.01796875 0.08828125
2 0.09453125 0.3921875 0.0125 0.05234375
2 0.7125 0.51796875 0.01875 0.10078125
2 0.17578125 0.43359375 0.02421875 0.0734375
2 0.2109375 0.44921875 0.015625 0.065625
2 0.22578125 0.440625 0.0046875 0.05234375
2 0.23828125 0.44296875 0.01484375 0.0578125
2 0.31015625 0.40625 0.0203125 0.08203125
2 0.36171875 0.47265625 0.02109375 0.05703125
2 0.38984375 0.484375 0.021875 0.06484375
2 0.115625 0.35625 0.01015625 0.06171875
2 0.0125 0.421875 0.0171875 0.0859375
2 0.85390625 0.5046875 0.01796875 0.05625
2 0.10078125 0.3703125 0.015625 0.05625