2 0.5 0.5375 0.01484375 0.0640625
2 0.48046875 0.459375 0.015625 0.0578125
2 0.43828125 0.55703125 0.01640625 0.059375
2 0.13984375 0.5765625 0.01640625 0.071875
2 0.4484375 0.4875 0.0140625 0.06875
2 0.40703125 0.4875 0.01640625 0.08671875
2 0.06875 0.6046875 0.01484375 0.06796875
2 0.021875 0.6265625 0.01796875 0.0734375
2 0.871875 0.39609375 0.0140625 0.0484375
2 0.853125 0.4265625 0.01328125 0.04921875
2 0.2859375 0.6109375 0.01875 0.06875
2 0.6625 0.45234375 0.0125 0.06640625
2 0.734375 0.44921875 0.01484375 0.05390625
2 0.81484375 0.43671875 0.01171875 0.0609375
2 0.325 0.58515625 0.0171875 0.06328125
2 0.43125 0.46015625 0.01171875 0.06484375
2 0.940625 0.31953125 0.01015625 0.040625
2 0.54609375 0.51484375 0.0140625 0.0640625
2 0.6421875 0.47578125 0.01796875 0.04921875
2 0.909375 0.35390625 0.0125 0.04921875
2 0.17265625 0.634375 0.01796875 0.0796875
2 0.75234375 0.434375 0.0140625 0.05546875
2 0.8390625 0.40546875 0.0109375 0.05703125
2 0.99609375 0.3234375 0.0078125 0.05390625
2 0.13515625 0.51796875 0.01875 0.05390625
2 0.7109375 0.46875 0.0171875 0.0578125
2 0.94921875 0.2890625 0.0125 0.0515625
2 0.22890625 0.48515625 0.01640625 0.06171875