2 0.353125 0.58828125 0.0171875 0.06640625
2 0.48828125 0.49765625 0.0171875 0.07109375
2 0.03125 0.5546875 0.01875 0.06953125
2 0.38671875 0.46875 0.0203125 0.0703125
2 0.06484375 0.61953125 0.01484375 0.05703125
2 0.596875 0.42890625 0.0171875 0.06484375
2 0.871875 0.375 0.0140625 0.0546875
2 0.61875 0.49453125 0.01796875 0.078125
2 0.51796875 0.52421875 0.0171875 0.0625
2 0.7703125 0.44765625 0.01328125 0.059375
2 0.83125 0.43828125 0.0140625 0.06796875
2 0.75390625 0.4421875 0.015625 0.06015625
2 0.10078125 0.5765625 0.0140625 0.04765625
2 0.70078125 0.421875 0.01484375 0.0609375
2 0.796875 0.44375 0.01484375 0.04765625
2 0.9640625 0.3078125 0.01640625 0.0609375
2 0.84375 0.3890625 0.0125 0.0515625
2 0.3203125 0.590625 0.0203125 0.05859375
2 0.93203125 0.3375 0.0125 0.05078125
2 0.64140625 0.471875 0.015625 0.05078125
2 0.6640625 0.41171875 0.01484375 0.0375
2 0.73203125 0.459375 0.0140625 0.06015625
2 0.86015625 0.3671875 0.01015625 0.0578125