2 0.96953125 0.625 0.01953125 0.0765625
2 0.91640625 0.6625 0.01640625 0.06796875
2 0.1703125 0.43515625 0.01640625 0.06484375
2 0.5 0.53828125 0.01640625 0.06640625
2 0.79375 0.54609375 0.0140625 0.06484375
2 0.56171875 0.55703125 0.01796875 0.0625
2 0.38828125 0.44140625 0.01640625 0.05390625
2 0.12890625 0.3984375 0.0140625 0.04765625
2 0.146875 0.428125 0.01328125 0.0484375
2 0.57109375 0.4625 0.01328125 0.0625
2 0.5546875 0.50390625 0.01484375 0.06171875
2 0.5390625 0.4921875 0.0140625 0.06640625
2 0.2875 0.4484375 0.01640625 0.06796875
2 0.6765625 0.56328125 0.0203125 0.08828125
2 0.2484375 0.4359375 0.0125 0.0546875
2 0.71484375 0.60859375 0.01796875 0.07578125
2 0.2671875 0.45390625 0.0140625 0.0671875
2 0.3609375 0.4625 0.0140625 0.0625
2 0.06796875 0.315625 0.0109375 0.0375
2 0.99609375 0.66796875 0.0078125 0.07109375
2 0.678125 0.5953125 0.02109375 0.053125
2 0.33203125 0.46015625 0.01328125 0.05859375