0 0.6265625 0.60703125 0.4109375 0.1796875
2 0.578125 0.4671875 0.0171875 0.06015625
2 0.85234375 0.59609375 0.01953125 0.08359375
2 0.359375 0.496875 0.02109375 0.0796875
2 0.61484375 0.45625 0.015625 0.071875
2 0.415625 0.4828125 0.0171875 0.06640625
2 0.2390625 0.446875 0.0125 0.05
2 0.88984375 0.53828125 0.01640625 0.07578125
2 0.39609375 0.49296875 0.0171875 0.0703125
2 0.2140625 0.4453125 0.01171875 0.05546875
2 0.87578125 0.54609375 0.01484375 0.07578125
2 0.98125 0.61171875 0.01796875 0.0703125
2 0.84375 0.5578125 0.0171875 0.04375
2 0.09765625 0.42265625 0.015625 0.05703125
2 0.1875 0.44609375 0.015625 0.065625
2 0.57890625 0.38125 0.02421875 0.0703125
2 0.99375 0.59140625 0.0125 0.0828125