2 0.37734375 0.49765625 0.0171875 0.065625
2 0.91484375 0.63203125 0.02265625 0.0796875
2 0.97734375 0.58359375 0.02109375 0.0609375
2 0.6046875 0.49375 0.0171875 0.0625
0 0.21640625 0.4734375 0.21015625 0.16796875
2 0.35703125 0.46875 0.01875 0.059375
2 0.4984375 0.53671875 0.01796875 0.065625
2 0.528125 0.484375 0.01484375 0.075
2 0.5578125 0.47578125 0.01640625 0.07109375
2 0.76015625 0.58671875 0.0125 0.0515625
2 0.7609375 0.5109375 0.01796875 0.065625
2 0.67734375 0.58359375 0.01875 0.05859375
2 0.91015625 0.5640625 0.01171875 0.05546875