2 0.14453125 0.45625 0.01953125 0.075
2 0.925 0.5984375 0.0203125 0.09140625
2 0.0953125 0.4234375 0.01796875 0.0578125
2 0.97890625 0.48359375 0.015625 0.0640625
2 0.0828125 0.3390625 0.015625 0.05625
2 0.83203125 0.43515625 0.0140625 0.05390625
2 0.046875 0.34140625 0.015625 0.0671875
2 0.38125 0.440625 0.01875 0.0421875
2 0.1734375 0.45 0.01640625 0.0453125
2 0.746875 0.56171875 0.0203125 0.0734375
2 0.01953125 0.32421875 0.01328125 0.0515625
0 0.384375 0.5296875 0.26796875 0.20390625
2 0.2125 0.4421875 0.0140625 0.05625
2 0.24140625 0.440625 0.0109375 0.04609375
2 0.09921875 0.334375 0.01484375 0.06171875
2 0.64296875 0.55390625 0.01953125 0.07265625