2 0.5 0.5375 0.01484375 0.0640625
2 0.51953125 0.459375 0.015625 0.0578125
2 0.56171875 0.55703125 0.01640625 0.059375
2 0.86015625 0.5765625 0.01640625 0.071875
2 0.5515625 0.4875 0.0140625 0.06875
2 0.59296875 0.4875 0.01640625 0.08671875
2 0.93125 0.6046875 0.01484375 0.06796875
2 0.978125 0.6265625 0.01796875 0.0734375
2 0.128125 0.39609375 0.0140625 0.0484375
2 0.146875 0.4265625 0.01328125 0.04921875
2 0.7140625 0.6109375 0.01875 0.06875
2 0.3375 0.45234375 0.0125 0.06640625
2 0.265625 0.44921875 0.01484375 0.05390625
2 0.18515625 0.43671875 0.01171875 0.0609375
2 0.675 0.58515625 0.0171875 0.06328125
2 0.56875 0.46015625 0.01171875 0.06484375
2 0.059375 0.31953125 0.01015625 0.040625
2 0.45390625 0.51484375 0.0140625 0.0640625
2 0.3578125 0.47578125 0.01796875 0.04921875
2 0.090625 0.35390625 0.0125 0.04921875
2 0.82734375 0.634375 0.01796875 0.0796875
2 0.24765625 0.434375 0.0140625 0.05546875
2 0.1609375 0.40546875 0.0109375 0.05703125
2 0.00390625 0.3234375 0.0078125 0.05390625
2 0.86484375 0.51796875 0.01875 0.05390625
2 0.2890625 0.46875 0.0171875 0.0578125
2 0.05078125 0.2890625 0.0125 0.0515625
2 0.77109375 0.48515625 0.01640625 0.06171875