2 0.9625 0.58984375 0.01796875 0.071875
2 0.696875 0.565625 0.01484375 0.05703125
2 0.375 0.4953125 0.01015625 0.0625
2 0.8296875 0.5484375 0.01953125 0.078125
2 0.1 0.31171875 0.01328125 0.05390625
2 0.63359375 0.55546875 0.015625 0.06171875
2 0.23046875 0.44765625 0.0140625 0.05859375
2 0.01796875 0.346875 0.0125 0.05390625
2 0.59765625 0.54609375 0.015625 0.053125
2 0.5640625 0.51953125 0.0203125 0.078125
2 0.6046875 0.54765625 0.01328125 0.05390625
2 0.203125 0.42890625 0.01640625 0.07578125
2 0.1671875 0.4359375 0.01875 0.06953125
2 0.61015625 0.546875 0.0125 0.0546875
2 0.3453125 0.49375 0.01796875 0.0671875
2 0.2859375 0.453125 0.0125 0.05078125
2 0.30390625 0.4640625 0.01484375 0.0609375
2 0.04921875 0.33203125 0.0140625 0.05
2 0.48203125 0.5109375 0.015625 0.0703125
2 0.9859375 0.59375 0.01953125 0.06015625