2 0.81015625 0.56015625 0.0203125 0.084375
2 0.515625 0.515625 0.0203125 0.07734375
2 0.15234375 0.45 0.0203125 0.07734375
2 0.41875 0.4859375 0.0203125 0.06796875
2 0.3328125 0.42890625 0.01796875 0.075
2 0.49296875 0.50390625 0.0140625 0.06796875
2 0.23984375 0.4484375 0.0140625 0.0515625
2 0.21328125 0.44375 0.01171875 0.05078125
2 0.1140625 0.409375 0.0140625 0.0625
2 0.10078125 0.41328125 0.01484375 0.059375
2 0.0046875 0.3796875 0.009375 0.059375
2 0.60390625 0.5 0.01875 0.084375
2 0.6234375 0.51875 0.021875 0.0703125
2 0.92109375 0.4984375 0.01640625 0.0828125
2 0.05703125 0.36484375 0.01328125 0.0734375
2 0.1765625 0.45546875 0.01875 0.07734375
2 0.3703125 0.42421875 0.0171875 0.0828125
2 0.85078125 0.5796875 0.02265625 0.09765625
2 0.93203125 0.48046875 0.01328125 0.0796875