2 0.4921875 0.49375 0.0234375 0.10625
2 0.3515625 0.41171875 0.0234375 0.09609375
2 0.88828125 0.31171875 0.01796875 0.0890625
2 0.67890625 0.27109375 0.02109375 0.084375
2 0.3765625 0.390625 0.02265625 0.09609375
2 0.85390625 0.2578125 0.01640625 0.05625
2 0.0953125 0.71484375 0.02109375 0.084375
2 0.4203125 0.54453125 0.025 0.1109375
2 0.759375 0.3109375 0.02109375 0.07421875
2 0.7640625 0.3921875 0.0203125 0.09375
2 0.72421875 0.31953125 0.015625 0.08046875
2 0.6984375 0.35859375 0.02421875 0.07578125
2 0.66875 0.36953125 0.0171875 0.0875
2 0.64375 0.38671875 0.0234375 0.090625
2 0.61328125 0.42421875 0.02578125 0.13125
2 0.640625 0.2984375 0.021875 0.1125
2 0.9515625 0.0953125 0.01953125 0.0984375
2 0.92734375 0.09609375 0.01953125 0.0859375
2 0.5328125 0.44453125 0.02734375 0.10546875
2 0.4421875 0.41171875 0.0171875 0.1
2 0.43984375 0.51875 0.01875 0.10234375
2 0.33046875 0.55 0.02734375 0.08671875
2 0.2953125 0.59375 0.01875 0.09375
2 0.2234375 0.6515625 0.021875 0.10859375
2 0.1828125 0.621875 0.01953125 0.08984375
2 0.24140625 0.51953125 0.02890625 0.10390625