2 0.3375 0.5421875 0.0203125 0.0734375
2 0.30625 0.5359375 0.01875 0.07421875
2 0.196875 0.56484375 0.0203125 0.08671875
2 0.471875 0.503125 0.0171875 0.08203125
2 0.58359375 0.48515625 0.02265625 0.07109375
2 0.42734375 0.47578125 0.01796875 0.07734375
2 0.96484375 0.3515625 0.01875 0.0625
2 0.93828125 0.334375 0.01953125 0.0703125
2 0.02890625 0.515625 0.0140625 0.071875
2 0.1421875 0.565625 0.01796875 0.07734375
2 0.00625 0.51171875 0.0125 0.0828125
2 0.390625 0.52109375 0.01875 0.0640625
2 0.95546875 0.3484375 0.01953125 0.065625
2 0.140625 0.528125 0.0265625 0.15390625
2 0.834375 0.46328125 0.021875 0.0671875
2 0.7875 0.44140625 0.0125 0.05546875
2 0.775 0.44375 0.01328125 0.06171875
2 0.63984375 0.47578125 0.02109375 0.05625
2 0.60859375 0.4828125 0.01953125 0.0671875
2 0.61796875 0.39921875 0.02734375 0.078125
2 0.53359375 0.5046875 0.01953125 0.0703125
2 0.309375 0.4421875 0.02734375 0.084375
2 0.25390625 0.578125 0.02890625 0.08125
2 0.05703125 0.54765625 0.01875 0.06328125