2 0.09296875 0.42109375 0.01953125 0.07265625
2 0.27421875 0.4828125 0.01875 0.0671875
2 0.4203125 0.4859375 0.0203125 0.06875
2 0.48984375 0.49921875 0.015625 0.0609375
2 0.15234375 0.45703125 0.01796875 0.071875
2 0.984375 0.5640625 0.01875 0.078125
2 0.18671875 0.46328125 0.01953125 0.06953125
2 0.59765625 0.46015625 0.01953125 0.078125
2 0.24140625 0.44921875 0.0125 0.04921875
2 0.625 0.52265625 0.0203125 0.06328125
2 0.3921875 0.44765625 0.01484375 0.0453125
2 0.5578125 0.43671875 0.01484375 0.0640625
2 0.40703125 0.496875 0.0125 0.04921875
2 0.21171875 0.440625 0.01015625 0.046875