2 0.0375 0.58984375 0.01796875 0.071875
2 0.303125 0.565625 0.01484375 0.05703125
2 0.625 0.4953125 0.01015625 0.0625
2 0.1703125 0.5484375 0.01953125 0.078125
2 0.9 0.31171875 0.01328125 0.05390625
2 0.36640625 0.55546875 0.015625 0.06171875
2 0.76953125 0.44765625 0.0140625 0.05859375
2 0.98203125 0.346875 0.0125 0.05390625
2 0.40234375 0.54609375 0.015625 0.053125
2 0.4359375 0.51953125 0.0203125 0.078125
2 0.3953125 0.54765625 0.01328125 0.05390625
2 0.796875 0.42890625 0.01640625 0.07578125
2 0.8328125 0.4359375 0.01875 0.06953125
2 0.38984375 0.546875 0.0125 0.0546875
2 0.6546875 0.49375 0.01796875 0.0671875
2 0.7140625 0.453125 0.0125 0.05078125
2 0.69609375 0.4640625 0.01484375 0.0609375
2 0.95078125 0.33203125 0.0140625 0.05
2 0.51796875 0.5109375 0.015625 0.0703125
2 0.0140625 0.59375 0.01953125 0.06015625