2 0.8625 0.653125 0.01875 0.06640625
2 0.93359375 0.615625 0.01796875 0.0734375
2 0.59453125 0.503125 0.015625 0.06015625
2 0.69609375 0.56640625 0.015625 0.0546875
2 0.34921875 0.4703125 0.01875 0.05859375
2 0.40234375 0.49765625 0.0171875 0.0625
2 0.3796875 0.4828125 0.0171875 0.05625
2 0.78359375 0.58046875 0.01484375 0.05625
0 0.178125 0.47109375 0.2953125 0.1734375
2 0.15859375 0.38515625 0.015625 0.0484375
2 0.46640625 0.5125 0.01171875 0.053125
2 0.5671875 0.49453125 0.0140625 0.046875
2 0.7109375 0.59375 0.01484375 0.06484375
2 0.76796875 0.49765625 0.0125 0.06484375
2 0.13984375 0.35703125 0.01328125 0.06015625
2 0.8234375 0.60390625 0.01328125 0.053125