2 0.75078125 0.52109375 0.02265625 0.0984375
2 0.5734375 0.41953125 0.02734375 0.096875
2 0.51015625 0.49921875 0.021875 0.09609375
2 0.02890625 0.26875 0.0203125 0.10234375
2 0.2734375 0.24140625 0.01953125 0.08828125
2 0.3515625 0.43515625 0.02265625 0.0921875
2 0.84921875 0.63671875 0.03203125 0.10234375
2 0.29296875 0.2328125 0.01640625 0.075
2 0.0703125 0.25859375 0.02265625 0.0984375
2 0.125 0.30078125 0.015625 0.08671875
2 0.41640625 0.409375 0.03359375 0.11953125
2 0.1421875 0.26953125 0.01640625 0.06875
2 0.16015625 0.290625 0.0171875 0.09140625