2 0.46171875 0.47734375 0.0203125 0.07265625
2 0.13359375 0.6140625 0.015625 0.0671875
2 0.5 0.53828125 0.0171875 0.06953125
2 0.04609375 0.5640625 0.01796875 0.0765625
2 0.21640625 0.52578125 0.01328125 0.06953125
2 0.62265625 0.42578125 0.0203125 0.07421875
2 0.871875 0.39765625 0.015625 0.0484375
2 0.36953125 0.5140625 0.015625 0.0625
0 0.053125 0.7203125 0.103125 0.14765625
2 0.853125 0.42734375 0.0140625 0.04765625
2 0.7921875 0.4359375 0.0140625 0.059375
2 0.4359375 0.5578125 0.0171875 0.06875
2 0.28671875 0.60703125 0.01640625 0.07109375
2 0.95625 0.33828125 0.015625 0.06015625
2 0.5859375 0.5078125 0.015625 0.05625
2 0.90390625 0.31796875 0.01171875 0.0484375
2 0.1703125 0.6390625 0.01484375 0.06328125
2 0.990625 0.31328125 0.0125 0.05234375
2 0.12421875 0.6484375 0.01328125 0.0609375
2 0.8125 0.44296875 0.0140625 0.06640625
2 0.20234375 0.55859375 0.0125 0.07109375
2 0.18046875 0.55703125 0.015625 0.06328125
2 0.64453125 0.475 0.0234375 0.071875