0 0.37890625 0.525 0.30859375 0.20078125
2 0.5890625 0.496875 0.01875 0.06953125
2 0.953125 0.57890625 0.0171875 0.0703125
2 0.890625 0.59140625 0.01796875 0.0640625
2 0.51484375 0.4671875 0.015625 0.06640625
2 0.615625 0.56640625 0.015625 0.05625
2 0.84453125 0.5640625 0.01328125 0.0625
2 0.1484375 0.421875 0.01484375 0.0609375
2 0.11640625 0.3390625 0.01875 0.059375
2 0.709375 0.56328125 0.01484375 0.04921875
2 0.19375 0.43984375 0.01328125 0.06328125
2 0.9375 0.55859375 0.0140625 0.06640625
2 0.671875 0.5859375 0.01484375 0.0625
2 0.16953125 0.4453125 0.0109375 0.0546875
2 0.51953125 0.46875 0.01484375 0.065625
2 0.81328125 0.60234375 0.01640625 0.0578125
2 0.68671875 0.6015625 0.01484375 0.053125
2 0.0234375 0.3609375 0.01328125 0.05078125
2 0.90703125 0.57421875 0.0125 0.06015625
2 0.60390625 0.5171875 0.0125 0.0375
2 0.11171875 0.42578125 0.0140625 0.0609375