2 0.53828125 0.47734375 0.0203125 0.07265625
2 0.86640625 0.6140625 0.015625 0.0671875
2 0.5 0.53828125 0.0171875 0.06953125
2 0.95390625 0.5640625 0.01796875 0.0765625
2 0.78359375 0.52578125 0.01328125 0.06953125
2 0.37734375 0.42578125 0.0203125 0.07421875
2 0.128125 0.39765625 0.015625 0.0484375
2 0.63046875 0.5140625 0.015625 0.0625
0 0.946875 0.7203125 0.103125 0.14765625
2 0.146875 0.42734375 0.0140625 0.04765625
2 0.2078125 0.4359375 0.0140625 0.059375
2 0.5640625 0.5578125 0.0171875 0.06875
2 0.71328125 0.60703125 0.01640625 0.07109375
2 0.04375 0.33828125 0.015625 0.06015625
2 0.4140625 0.5078125 0.015625 0.05625
2 0.09609375 0.31796875 0.01171875 0.0484375
2 0.8296875 0.6390625 0.01484375 0.06328125
2 0.009375 0.31328125 0.0125 0.05234375
2 0.87578125 0.6484375 0.01328125 0.0609375
2 0.1875 0.44296875 0.0140625 0.06640625
2 0.79765625 0.55859375 0.0125 0.07109375
2 0.81953125 0.55703125 0.015625 0.06328125
2 0.35546875 0.475 0.0234375 0.071875