2 0.646875 0.58828125 0.0171875 0.06640625
2 0.51171875 0.49765625 0.0171875 0.07109375
2 0.96875 0.5546875 0.01875 0.06953125
2 0.61328125 0.46875 0.0203125 0.0703125
2 0.93515625 0.61953125 0.01484375 0.05703125
2 0.403125 0.42890625 0.0171875 0.06484375
2 0.128125 0.375 0.0140625 0.0546875
2 0.38125 0.49453125 0.01796875 0.078125
2 0.48203125 0.52421875 0.0171875 0.0625
2 0.2296875 0.44765625 0.01328125 0.059375
2 0.16875 0.43828125 0.0140625 0.06796875
2 0.24609375 0.4421875 0.015625 0.06015625
2 0.89921875 0.5765625 0.0140625 0.04765625
2 0.29921875 0.421875 0.01484375 0.0609375
2 0.203125 0.44375 0.01484375 0.04765625
2 0.0359375 0.3078125 0.01640625 0.0609375
2 0.15625 0.3890625 0.0125 0.0515625
2 0.6796875 0.590625 0.0203125 0.05859375
2 0.06796875 0.3375 0.0125 0.05078125
2 0.35859375 0.471875 0.015625 0.05078125
2 0.3359375 0.41171875 0.01484375 0.0375
2 0.26796875 0.459375 0.0140625 0.06015625
2 0.13984375 0.3671875 0.01015625 0.0578125