2 0.38515625 0.52734375 0.01875 0.06796875
2 0.29296875 0.578125 0.01796875 0.07421875
2 0.36015625 0.4390625 0.01875 0.0828125
2 0.178125 0.58125 0.0203125 0.084375
2 0.58203125 0.48671875 0.0203125 0.07421875
2 0.60625 0.47890625 0.01171875 0.05859375
2 0.4390625 0.53203125 0.0171875 0.075
2 0.44609375 0.47734375 0.0171875 0.05625
2 0.6390625 0.46953125 0.02109375 0.06015625
2 0.5078125 0.5 0.015625 0.06015625
2 0.20546875 0.5453125 0.015625 0.0671875
2 0.140625 0.55703125 0.02109375 0.07890625
2 0.46953125 0.50390625 0.015625 0.08515625
2 0.1140625 0.44453125 0.01953125 0.06953125
2 0.56796875 0.52578125 0.01875 0.06484375
2 0.97109375 0.41328125 0.015625 0.05390625
2 0.00625 0.5140625 0.0125 0.08046875
2 0.82578125 0.44609375 0.0171875 0.0546875
2 0.85078125 0.4375 0.01875 0.06015625
2 0.93359375 0.3171875 0.01484375 0.0625
2 0.41796875 0.5265625 0.0140625 0.0625
2 0.30234375 0.53828125 0.01640625 0.08203125
2 0.9953125 0.4125 0.00859375 0.05234375
2 0.7578125 0.44921875 0.0140625 0.053125
2 0.7890625 0.44140625 0.01328125 0.05546875
2 0.61640625 0.48125 0.0109375 0.04453125
2 0.41171875 0.55703125 0.01484375 0.06796875
2 0.22109375 0.409375 0.01328125 0.07265625
2 0.20390625 0.415625 0.01640625 0.07265625