2 0.62265625 0.49765625 0.0171875 0.065625
2 0.08515625 0.63203125 0.02265625 0.0796875
2 0.02265625 0.58359375 0.02109375 0.0609375
2 0.3953125 0.49375 0.0171875 0.0625
0 0.78359375 0.4734375 0.21015625 0.16796875
2 0.64296875 0.46875 0.01875 0.059375
2 0.5015625 0.53671875 0.01796875 0.065625
2 0.471875 0.484375 0.01484375 0.075
2 0.4421875 0.47578125 0.01640625 0.07109375
2 0.23984375 0.58671875 0.0125 0.0515625
2 0.2390625 0.5109375 0.01796875 0.065625
2 0.32265625 0.58359375 0.01875 0.05859375
2 0.08984375 0.5640625 0.01171875 0.05546875