2 0.6625 0.5421875 0.0203125 0.0734375
2 0.69375 0.5359375 0.01875 0.07421875
2 0.803125 0.56484375 0.0203125 0.08671875
2 0.528125 0.503125 0.0171875 0.08203125
2 0.41640625 0.48515625 0.02265625 0.07109375
2 0.57265625 0.47578125 0.01796875 0.07734375
2 0.03515625 0.3515625 0.01875 0.0625
2 0.06171875 0.334375 0.01953125 0.0703125
2 0.97109375 0.515625 0.0140625 0.071875
2 0.8578125 0.565625 0.01796875 0.07734375
2 0.99375 0.51171875 0.0125 0.0828125
2 0.609375 0.52109375 0.01875 0.0640625
2 0.04453125 0.3484375 0.01953125 0.065625
2 0.859375 0.528125 0.0265625 0.15390625
2 0.165625 0.46328125 0.021875 0.0671875
2 0.2125 0.44140625 0.0125 0.05546875
2 0.225 0.44375 0.01328125 0.06171875
2 0.36015625 0.47578125 0.02109375 0.05625
2 0.39140625 0.4828125 0.01953125 0.0671875
2 0.38203125 0.39921875 0.02734375 0.078125
2 0.46640625 0.5046875 0.01953125 0.0703125
2 0.690625 0.4421875 0.02734375 0.084375
2 0.74609375 0.578125 0.02890625 0.08125
2 0.94296875 0.54765625 0.01875 0.06328125