2 0.5078125 0.49375 0.0234375 0.10625
2 0.6484375 0.41171875 0.0234375 0.09609375
2 0.11171875 0.31171875 0.01796875 0.0890625
2 0.32109375 0.27109375 0.02109375 0.084375
2 0.6234375 0.390625 0.02265625 0.09609375
2 0.14609375 0.2578125 0.01640625 0.05625
2 0.9046875 0.71484375 0.02109375 0.084375
2 0.5796875 0.54453125 0.025 0.1109375
2 0.240625 0.3109375 0.02109375 0.07421875
2 0.2359375 0.3921875 0.0203125 0.09375
2 0.27578125 0.31953125 0.015625 0.08046875
2 0.3015625 0.35859375 0.02421875 0.07578125
2 0.33125 0.36953125 0.0171875 0.0875
2 0.35625 0.38671875 0.0234375 0.090625
2 0.38671875 0.42421875 0.02578125 0.13125
2 0.359375 0.2984375 0.021875 0.1125
2 0.0484375 0.0953125 0.01953125 0.0984375
2 0.07265625 0.09609375 0.01953125 0.0859375
2 0.4671875 0.44453125 0.02734375 0.10546875
2 0.5578125 0.41171875 0.0171875 0.1
2 0.56015625 0.51875 0.01875 0.10234375
2 0.66953125 0.55 0.02734375 0.08671875
2 0.7046875 0.59375 0.01875 0.09375
2 0.7765625 0.6515625 0.021875 0.10859375
2 0.8171875 0.621875 0.01953125 0.08984375
2 0.75859375 0.51953125 0.02890625 0.10390625