0 0.165625 0.46328125 0.2046875 0.15703125
2 0.9671875 0.6765625 0.01796875 0.06640625
2 0.540625 0.54140625 0.01640625 0.0671875
2 0.334375 0.4890625 0.015625 0.05859375
2 0.45 0.52265625 0.01640625 0.06953125
2 0.5703125 0.47265625 0.01796875 0.0703125
2 0.85390625 0.54296875 0.0140625 0.071875
2 0.9359375 0.60625 0.015625 0.0578125
2 0.371875 0.43359375 0.01875 0.06328125
2 0.01796875 0.31171875 0.01328125 0.05
2 0.98203125 0.625 0.01640625 0.071875
2 0.3765625 0.50390625 0.01484375 0.05
2 0.05078125 0.334375 0.01328125 0.04453125
2 0.67734375 0.58828125 0.01953125 0.06171875
2 0.159375 0.38203125 0.01328125 0.0390625
2 0.29609375 0.45234375 0.015625 0.06328125
2 0.41875 0.44765625 0.01484375 0.0515625
2 0.29140625 0.4546875 0.01640625 0.065625
2 0.69765625 0.5640625 0.01328125 0.05078125
2 0.35078125 0.47265625 0.01171875 0.06015625
2 0.82265625 0.60234375 0.01640625 0.05546875
2 0.10625 0.3375 0.0171875 0.06484375