2 0.77421875 0.62109375 0.01640625 0.06484375
2 0.5203125 0.48359375 0.01953125 0.05546875
2 0.96796875 0.55234375 0.01875 0.0703125
2 0.28828125 0.45859375 0.01484375 0.065625
2 0.72109375 0.5890625 0.015625 0.0765625
2 0.9796875 0.62421875 0.015625 0.0578125
2 0.22890625 0.4484375 0.01328125 0.06015625
2 0.70078125 0.59453125 0.01796875 0.08515625
2 0.5484375 0.47421875 0.01640625 0.0640625
2 0.30625 0.42421875 0.0125 0.059375
2 0.77421875 0.546875 0.015625 0.06328125
2 0.58125 0.5046875 0.01328125 0.04609375
2 0.5765625 0.44609375 0.01875 0.071875
2 0.1703125 0.4390625 0.01328125 0.06171875
2 0.20234375 0.4453125 0.0140625 0.04921875
2 0.2453125 0.43984375 0.0140625 0.05859375
2 0.36640625 0.4640625 0.01484375 0.03671875
0 0.5109375 0.56875 0.3296875 0.21796875
2 0.16328125 0.38828125 0.0109375 0.0484375
2 0.8234375 0.60390625 0.0171875 0.0515625
2 0.76484375 0.4828125 0.0125 0.06171875
2 0.11875 0.31640625 0.0109375 0.053125