2 0.13125 0.63125 0.01796875 0.06640625
2 0.40390625 0.48671875 0.01796875 0.07265625
2 0.43046875 0.5515625 0.01640625 0.0609375
2 0.5 0.53828125 0.015625 0.0671875
2 0.92421875 0.35625 0.015625 0.05625
2 0.88515625 0.3421875 0.01484375 0.0625
2 0.32421875 0.578125 0.01875 0.0640625
2 0.253125 0.615625 0.015625 0.0625
2 0.66171875 0.453125 0.01484375 0.0671875
2 0.81328125 0.4359375 0.0140625 0.059375
2 0.02109375 0.64140625 0.01640625 0.06640625
2 0.8640625 0.428125 0.01328125 0.0546875
2 0.8390625 0.43828125 0.01328125 0.0578125
2 0.7328125 0.4484375 0.015625 0.05546875
2 0.753125 0.4390625 0.0140625 0.0578125
2 0.6421875 0.47109375 0.01796875 0.05546875
2 0.88125 0.39609375 0.01484375 0.0375
2 0.1 0.57421875 0.01484375 0.05703125
2 0.76953125 0.43671875 0.0109375 0.046875
2 0.6234375 0.49609375 0.01328125 0.06484375
2 0.3578125 0.53984375 0.0140625 0.06328125
2 0.27265625 0.5703125 0.015625 0.0578125
2 0.1765625 0.603125 0.01953125 0.05