2 0.2265625 0.62578125 0.015625 0.0578125
2 0.39140625 0.503125 0.0140625 0.04140625
2 0.853125 0.428125 0.01484375 0.053125
2 0.48125 0.47109375 0.015625 0.06796875
2 0.5 0.53984375 0.015625 0.06484375
2 0.66171875 0.453125 0.01484375 0.0671875
2 0.4375 0.55625 0.0140625 0.05859375
2 0.28359375 0.61015625 0.01484375 0.06953125
2 0.73125 0.45 0.01484375 0.05703125
2 0.75390625 0.43515625 0.01484375 0.0578125
2 0.7890625 0.44921875 0.015625 0.0546875
2 0.31796875 0.59921875 0.015625 0.04375
2 0.49453125 0.47890625 0.0125 0.0578125
2 0.53828125 0.50703125 0.0125 0.0578125
2 0.1671875 0.53671875 0.01796875 0.06640625
2 0.81015625 0.43515625 0.01171875 0.0625
2 0.64140625 0.47578125 0.01796875 0.0515625
2 0.69140625 0.3984375 0.0125 0.05859375
2 0.6046875 0.43515625 0.01328125 0.04453125
2 0.8328125 0.409375 0.0140625 0.0765625
2 0.1765625 0.6046875 0.01640625 0.03984375