2 0.19765625 0.5640625 0.021875 0.090625
2 0.58203125 0.48359375 0.021875 0.071875
2 0.33984375 0.4734375 0.01953125 0.08359375
2 0.30625 0.53671875 0.01953125 0.075
2 0.02890625 0.53984375 0.02109375 0.0765625
2 0.42578125 0.471875 0.01796875 0.07734375
2 0.3765625 0.5453125 0.02265625 0.0984375
2 0.24765625 0.5421875 0.01875 0.065625
2 0.14375 0.56328125 0.02734375 0.07734375
2 0.471875 0.50078125 0.01796875 0.08359375
2 0.6765625 0.4 0.01796875 0.08828125
2 0.90546875 0.3921875 0.0125 0.05234375
2 0.2875 0.51796875 0.01875 0.10078125
2 0.82421875 0.43359375 0.02421875 0.0734375
2 0.7890625 0.44921875 0.015625 0.065625
2 0.77421875 0.440625 0.0046875 0.05234375
2 0.76171875 0.44296875 0.01484375 0.0578125
2 0.68984375 0.40625 0.0203125 0.08203125
2 0.63828125 0.47265625 0.02109375 0.05703125
2 0.61015625 0.484375 0.021875 0.06484375
2 0.884375 0.35625 0.01015625 0.06171875
2 0.9875 0.421875 0.0171875 0.0859375
2 0.14609375 0.5046875 0.01796875 0.05625
2 0.89921875 0.3703125 0.015625 0.05625