2 0.48203125 0.44609375 0.0296875 0.12890625
2 0.08828125 0.5203125 0.0328125 0.1625
2 0.42421875 0.45703125 0.03203125 0.13046875
2 0.28671875 0.57421875 0.053125 0.196875
2 0.7484375 0.32109375 0.0265625 0.0765625
2 0.4203125 0.36875 0.0265625 0.07109375
2 0.184375 0.47421875 0.03203125 0.165625
2 0.12578125 0.46953125 0.02578125 0.11796875
2 0.10390625 0.46015625 0.02109375 0.078125
2 0.38359375 0.4703125 0.028125 0.13671875
2 0.453125 0.4484375 0.02265625 0.13046875
2 0.3734375 0.378125 0.01875 0.05234375
2 0.3265625 0.4125 0.0234375 0.12734375
2 0.24765625 0.4171875 0.025 0.12578125