2 0.33125 0.41875 0.034375 0.13203125
2 0.27265625 0.4171875 0.04140625 0.1453125
2 0.3703125 0.41015625 0.03046875 0.13046875
2 0.4515625 0.446875 0.03203125 0.1546875
2 0.36171875 0.34765625 0.015625 0.0359375
2 0.4046875 0.41796875 0.01953125 0.134375
2 0.4265625 0.40859375 0.02265625 0.1375
2 0.47109375 0.4203125 0.02265625 0.12734375
2 0.66328125 0.39375 0.02578125 0.1328125
2 0.734375 0.49921875 0.04296875 0.18046875
2 0.89140625 0.40078125 0.0265625 0.1484375
2 0.265625 0.33359375 0.028125 0.03828125