2 0.39453125 0.46484375 0.0296875 0.13515625
2 0.51015625 0.45078125 0.03515625 0.1375
2 0.7421875 0.3515625 0.0296875 0.09921875
2 0.1328125 0.45078125 0.0265625 0.12734375
2 0.0671875 0.44765625 0.02109375 0.1296875
2 0.4578125 0.4546875 0.0203125 0.12890625
2 0.79453125 0.36171875 0.02734375 0.09765625
2 0.29375 0.41171875 0.028125 0.11953125
2 0.26171875 0.44453125 0.0234375 0.12890625
2 0.69609375 0.2921875 0.025 0.06796875
2 0.30546875 0.48828125 0.0265625 0.14921875
2 0.09921875 0.50859375 0.02734375 0.1578125
2 0.04453125 0.51328125 0.0328125 0.19375