2 0.89140625 0.51953125 0.0328125 0.15703125
2 0.51796875 0.44453125 0.03125 0.13671875
2 0.86171875 0.45625 0.02734375 0.153125
2 0.575 0.45390625 0.03125 0.1390625
2 0.82578125 0.47421875 0.02734375 0.16015625
2 0.75390625 0.4859375 0.03515625 0.15234375
2 0.33046875 0.38046875 0.03203125 0.13671875
2 0.6140625 0.4703125 0.028125 0.13125
2 0.6109375 0.38671875 0.01640625 0.02890625
2 0.5890625 0.4171875 0.02265625 0.12265625
2 0.54296875 0.45546875 0.0296875 0.13984375
2 0.41640625 0.94140625 0.0796875 0.1171875