0 0.81171875 0.7203125 0.37578125 0.54140625
2 0.5640625 0.45625 0.03125 0.153125
2 0.325 0.35234375 0.02734375 0.11171875
2 0.91796875 0.87734375 0.0546875 0.2453125
2 0.51328125 0.459375 0.028125 0.12421875
2 0.2703125 0.33359375 0.02421875 0.09765625
2 0.59140625 0.496875 0.02890625 0.1578125
2 0.4375 0.46328125 0.03671875 0.15546875
2 0.51796875 0.7421875 0.05234375 0.21171875
2 0.70859375 0.44296875 0.03203125 0.0890625
2 0.28359375 0.33203125 0.02109375 0.09921875
2 0.71640625 0.83671875 0.0640625 0.30078125
2 0.55234375 0.74296875 0.0421875 0.2421875