2 0.47265625 0.4515625 0.028125 0.121875
2 0.1140625 0.525 0.03515625 0.153125
2 0.0234375 0.88671875 0.046875 0.225
2 0.725 0.43359375 0.03125 0.14921875
2 0.409375 0.4703125 0.0265625 0.1
2 0.5265625 0.45546875 0.02734375 0.15
2 0.428125 0.45390625 0.02734375 0.12734375
2 0.31328125 0.46015625 0.034375 0.0640625
2 0.51328125 0.49140625 0.03125 0.1359375
2 0.45390625 0.45625 0.02421875 0.13203125
2 0.38359375 0.4515625 0.03046875 0.11484375
2 0.08359375 0.95234375 0.0734375 0.09453125
2 0.03515625 0.4484375 0.03203125 0.1578125