2 0.78046875 0.7859375 0.06796875 0.29921875
2 0.59609375 0.43515625 0.03359375 0.15234375
2 0.32734375 0.64140625 0.04921875 0.23359375
2 0.0953125 0.66640625 0.05 0.22265625
2 0.5484375 0.52578125 0.03125 0.16484375
2 0.46640625 0.66328125 0.04609375 0.2328125
2 0.528125 0.77578125 0.05078125 0.22265625
2 0.92109375 0.8 0.05625 0.29765625
2 0.4265625 0.66484375 0.034375 0.18671875
2 0.53359375 0.63515625 0.046875 0.16640625
2 0.36875 0.58203125 0.03515625 0.2234375
2 0.9828125 0.6234375 0.034375 0.215625
2 0.75859375 0.57890625 0.03359375 0.0703125
2 0.78203125 0.6046875 0.028125 0.07578125