2 0.1140625 0.52109375 0.03359375 0.1625
2 0.0578125 0.43984375 0.02578125 0.13828125
2 0.47578125 0.45078125 0.02890625 0.13515625
2 0.26953125 0.4796875 0.0359375 0.17109375
2 0.4265625 0.45859375 0.03046875 0.13671875
2 0.14921875 0.44296875 0.02109375 0.1265625
2 0.55 0.46484375 0.02578125 0.13046875
2 0.0234375 0.44140625 0.02578125 0.1421875
2 0.87734375 0.33515625 0.028125 0.1140625
2 0.571875 0.45625 0.03203125 0.1484375
2 0.4546875 0.45234375 0.0234375 0.1328125
2 0.38671875 0.4703125 0.02421875 0.14921875
2 0.3875 0.35859375 0.025 0.07421875
2 0.0984375 0.41484375 0.0296875 0.09296875