2 0.51796875 0.44609375 0.0296875 0.12890625
2 0.91171875 0.5203125 0.0328125 0.1625
2 0.57578125 0.45703125 0.03203125 0.13046875
2 0.71328125 0.57421875 0.053125 0.196875
2 0.2515625 0.32109375 0.0265625 0.0765625
2 0.5796875 0.36875 0.0265625 0.07109375
2 0.815625 0.47421875 0.03203125 0.165625
2 0.87421875 0.46953125 0.02578125 0.11796875
2 0.89609375 0.46015625 0.02109375 0.078125
2 0.61640625 0.4703125 0.028125 0.13671875
2 0.546875 0.4484375 0.02265625 0.13046875
2 0.6265625 0.378125 0.01875 0.05234375
2 0.6734375 0.4125 0.0234375 0.12734375
2 0.75234375 0.4171875 0.025 0.12578125