2 0.0828125 0.30703125 0.03203125 0.11328125
2 0.01171875 0.2875 0.0234375 0.109375
2 0.18359375 0.35078125 0.0375 0.14609375
2 0.3390625 0.4234375 0.0328125 0.153125
2 0.371875 0.40546875 0.02109375 0.153125
2 0.3953125 0.41015625 0.03359375 0.1484375
2 0.4625 0.421875 0.025 0.1375
2 0.4234375 0.40546875 0.03046875 0.13515625
2 0.65 0.4328125 0.03203125 0.140625
2 0.67265625 0.4359375 0.02578125 0.14296875
2 0.50859375 0.82734375 0.07890625 0.3453125
2 0.784375 0.85390625 0.05 0.29140625
2 0.84375 0.85390625 0.06015625 0.29140625
2 0.80390625 0.3953125 0.028125 0.12890625
2 0.896875 0.4109375 0.03046875 0.12109375