2 0.21328125 0.7765625 0.06484375 0.28359375
2 0.36875 0.6421875 0.0578125 0.2625
2 0.0828125 0.80625 0.05625 0.29609375
2 0.66640625 0.640625 0.04140625 0.2390625
2 0.46484375 0.69296875 0.04765625 0.25859375
2 0.53671875 0.6671875 0.0421875 0.22734375
2 0.90546875 0.6625 0.04375 0.21640625
2 0.253125 0.675 0.04765625 0.265625
2 0.5859375 0.66796875 0.06171875 0.221875
2 0.9890625 0.58671875 0.021875 0.21875
2 0.53125 0.50078125 0.0421875 0.115625
2 0.83984375 0.63984375 0.065625 0.23671875
2 0.2109375 0.58515625 0.0359375 0.1015625