2 0.7375 0.4265625 0.02734375 0.15859375
2 0.64140625 0.4390625 0.03125 0.15625
2 0.6359375 0.35078125 0.01171875 0.034375
2 0.62734375 0.403125 0.01875 0.13671875
2 0.6046875 0.41953125 0.028125 0.1421875
2 0.48203125 0.44765625 0.03046875 0.15234375
2 0.33046875 0.39765625 0.021875 0.14140625
2 0.33515625 0.50625 0.0390625 0.17109375
2 0.3515625 0.87421875 0.103125 0.25
2 0.15390625 0.4890625 0.03359375 0.15546875
2 0.25625 0.43984375 0.02578125 0.1359375
2 0.5671875 0.41875 0.02734375 0.1484375
2 0.58984375 0.4375 0.0328125 0.14453125
2 0.66953125 0.41015625 0.03203125 0.14453125
2 0.82578125 0.39375 0.03671875 0.14296875