2 0.60546875 0.46484375 0.0296875 0.13515625
2 0.48984375 0.45078125 0.03515625 0.1375
2 0.2578125 0.3515625 0.0296875 0.09921875
2 0.8671875 0.45078125 0.0265625 0.12734375
2 0.9328125 0.44765625 0.02109375 0.1296875
2 0.5421875 0.4546875 0.0203125 0.12890625
2 0.20546875 0.36171875 0.02734375 0.09765625
2 0.70625 0.41171875 0.028125 0.11953125
2 0.73828125 0.44453125 0.0234375 0.12890625
2 0.30390625 0.2921875 0.025 0.06796875
2 0.69453125 0.48828125 0.0265625 0.14921875
2 0.90078125 0.50859375 0.02734375 0.1578125
2 0.95546875 0.51328125 0.0328125 0.19375