2 0.884375 0.33515625 0.0296875 0.1078125
2 0.85625 0.3796875 0.02890625 0.12578125
2 0.6078125 0.39375 0.0265625 0.0734375
2 0.684375 0.6671875 0.04296875 0.18828125
2 0.7421875 0.4171875 0.02734375 0.125
2 0.653125 0.42109375 0.03828125 0.13984375
2 0.578125 0.38359375 0.0234375 0.06875
2 0.5421875 0.70703125 0.0546875 0.2609375
2 0.4484375 0.80078125 0.0671875 0.32109375
2 0.53203125 0.38359375 0.02265625 0.053125
2 0.55078125 0.390625 0.01328125 0.04453125
2 0.9125 0.27109375 0.01796875 0.10625
2 0.928125 0.275 0.0171875 0.0890625
2 0.62890625 0.396875 0.021875 0.13046875
2 0.109375 0.46015625 0.05078125 0.1109375
0 0.33515625 0.6921875 0.6703125 0.615625