2 0.909375 0.27734375 0.0203125 0.09921875
2 0.7140625 0.428125 0.02734375 0.15859375
2 0.64140625 0.4390625 0.03125 0.15625
2 0.6734375 0.365625 0.01875 0.040625
2 0.66328125 0.425 0.02109375 0.13203125
2 0.6359375 0.35078125 0.01171875 0.034375
2 0.62734375 0.403125 0.01875 0.13671875
2 0.6046875 0.41953125 0.028125 0.1421875
2 0.575 0.346875 0.021875 0.103125
2 0.5515625 0.43359375 0.028125 0.1328125
2 0.5578125 0.35859375 0.02265625 0.03671875
2 0.496875 0.46875 0.03046875 0.15234375
2 0.459375 0.4125 0.021875 0.14140625
2 0.33515625 0.50625 0.0390625 0.17109375
2 0.3296875 0.4015625 0.0265625 0.0796875
2 0.54609375 0.875 0.103125 0.25
2 0.11484375 0.5171875 0.03359375 0.15546875