2 0.60859375 0.41796875 0.03359375 0.12265625
2 0.31875 0.45859375 0.0375 0.13203125
2 0.6578125 0.428125 0.0375 0.14296875
2 0.83984375 0.30390625 0.025 0.090625
2 0.54453125 0.44375 0.040625 0.1578125
2 0.809375 0.303125 0.025 0.115625
2 0.90625 0.246875 0.0296875 0.071875
2 0.63046875 0.409375 0.0234375 0.15234375
2 0.5734375 0.4078125 0.025 0.13359375
2 0.55703125 0.33671875 0.0265625 0.05703125
2 0.4671875 0.40234375 0.0421875 0.14609375
2 0.52890625 0.41953125 0.02265625 0.13125
2 0.25390625 0.4796875 0.040625 0.17109375
2 0.14609375 0.440625 0.028125 0.12421875