2 0.70078125 0.60546875 0.0421875 0.146875
2 0.784375 0.525 0.0375 0.11796875
0 0.24375 0.703125 0.4875 0.56875
2 0.74453125 0.57890625 0.02265625 0.1234375
2 0.56171875 0.625 0.025 0.1921875
2 0.59765625 0.59453125 0.040625 0.1265625
2 0.57890625 0.52421875 0.02265625 0.05703125
2 0.51015625 0.6546875 0.034375 0.17109375
2 0.53984375 0.64375 0.02890625 0.203125
2 0.93984375 0.62578125 0.05078125 0.1515625
2 0.8796875 0.63203125 0.0421875 0.12890625
2 0.7640625 0.56953125 0.01640625 0.0328125
2 0.72578125 0.5734375 0.01796875 0.04375