2 0.52734375 0.4515625 0.028125 0.121875
2 0.8859375 0.525 0.03515625 0.153125
2 0.9765625 0.88671875 0.046875 0.225
2 0.275 0.43359375 0.03125 0.14921875
2 0.590625 0.4703125 0.0265625 0.1
2 0.4734375 0.45546875 0.02734375 0.15
2 0.571875 0.45390625 0.02734375 0.12734375
2 0.68671875 0.46015625 0.034375 0.0640625
2 0.48671875 0.49140625 0.03125 0.1359375
2 0.54609375 0.45625 0.02421875 0.13203125
2 0.61640625 0.4515625 0.03046875 0.11484375
2 0.91640625 0.95234375 0.0734375 0.09453125
2 0.96484375 0.4484375 0.03203125 0.1578125