0 0.328125 0.6125 0.65546875 0.54453125
2 0.06796875 0.3 0.03828125 0.096875
2 0.74296875 0.4859375 0.04375 0.1640625
2 0.7265625 0.8375 0.08125 0.31796875
2 0.8 0.85625 0.075 0.2875
2 0.5015625 0.83125 0.07109375 0.31953125
2 0.65078125 0.371875 0.03046875 0.1203125
2 0.790625 0.39140625 0.02265625 0.14140625
2 0.82265625 0.396875 0.0234375 0.140625
2 0.85703125 0.4328125 0.0265625 0.115625
2 0.18203125 0.315625 0.03046875 0.0765625
2 0.37265625 0.359375 0.01484375 0.05390625
2 0.39609375 0.36484375 0.02578125 0.0703125
2 0.425 0.36796875 0.0265625 0.0796875
2 0.46484375 0.38125 0.02734375 0.06640625