0 0.49921875 0.66640625 0.175 0.11171875
2 0.91796875 0.3609375 0.00546875 0.02890625
2 0.85859375 0.52578125 0.0078125 0.0296875
2 0.81796875 0.428125 0.00546875 0.0265625
2 0.709375 0.43515625 0.00703125 0.034375
2 0.71171875 0.52890625 0.00859375 0.034375
2 0.43828125 0.3546875 0.0078125 0.02734375
2 0.36953125 0.4796875 0.00859375 0.03046875
2 0.3953125 0.44453125 0.0078125 0.03125
2 0.4453125 0.5671875 0.009375 0.03125
2 0.32265625 0.509375 0.009375 0.03671875
2 0.246875 0.43046875 0.009375 0.03203125
2 0.27421875 0.365625 0.00625 0.0265625
2 0.234375 0.33046875 0.00625 0.02890625
2 0.20234375 0.30078125 0.00703125 0.0328125
2 0.3578125 0.628125 0.0078125 0.03125
2 0.33671875 0.5953125 0.00546875 0.03125
2 0.340625 0.62421875 0.0078125 0.034375
2 0.2984375 0.59453125 0.00859375 0.040625
2 0.303125 0.6484375 0.01015625 0.03828125
2 0.27421875 0.61640625 0.0046875 0.03515625
2 0.25078125 0.6515625 0.00703125 0.0359375
2 0.2375 0.63125 0.01015625 0.05234375
2 0.21484375 0.67109375 0.00625 0.0375
2 0.18515625 0.66796875 0.0078125 0.04296875
2 0.17578125 0.61953125 0.01015625 0.0390625
2 0.16640625 0.46953125 0.00625 0.0234375
2 0.171875 0.515625 0.0109375 0.0390625
2 0.1234375 0.540625 0.00625 0.0375
2 0.08203125 0.44375 0.00625 0.03046875
2 0.0703125 0.46328125 0.00703125 0.03203125
2 0.0921875 0.5375 0.00625 0.03125
2 0.03671875 0.509375 0.0078125 0.03359375
2 0.109375 0.6609375 0.00703125 0.0421875
2 0.10546875 0.665625 0.0140625 0.0390625
2 0.07265625 0.653125 0.00859375 0.034375
2 0.04921875 0.65234375 0.0109375 0.03828125
2 0.065625 0.72109375 0.01015625 0.0375
2 0.065625 0.6890625 0.0109375 0.02890625
2 0.05703125 0.70546875 0.009375 0.03671875
2 0.0203125 0.70234375 0.0109375 0.040625
2 0.0078125 0.73046875 0.009375 0.04296875
2 0.00546875 0.48671875 0.00703125 0.0359375
2 0.0078125 0.58359375 0.0078125 0.0390625
2 0.01640625 0.56640625 0.0078125 0.03515625
2 0.08125 0.34453125 0.00703125 0.03046875
2 0.071875 0.3484375 0.0078125 0.02890625
2 0.06328125 0.35390625 0.00703125 0.02734375
2 0.05078125 0.36640625 0.009375 0.0359375
2 0.0546875 0.3171875 0.0078125 0.03359375
2 0.0484375 0.32578125 0.009375 0.02109375
2 0.0640625 0.2828125 0.00859375 0.025
2 0.05 0.203125 0.0078125 0.028125
2 0.01953125 0.1875 0.00703125 0.021875
2 0.0140625 0.18515625 0.01015625 0.021875
2 0.01015625 0.13046875 0.0078125 0.01875
2 0.02109375 0.12578125 0.00703125 0.02265625
2 0.0234375 0.11328125 0.00703125 0.0203125