0 0.5125 0.871875 0.16953125 0.240625
1 0.44296875 0.05546875 0.07890625 0.1109375
0 0.7453125 0.4984375 0.1765625 0.32109375
2 0.5203125 0.70625 0.0140625 0.06953125
2 0.95390625 0.57109375 0.01328125 0.06171875
2 0.26171875 0.73984375 0.015625 0.07578125
2 0.76640625 0.390625 0.009375 0.04609375
2 0.69609375 0.0234375 0.0078125 0.046875
2 0.78515625 0.01484375 0.01328125 0.02890625
2 0.6734375 0.01953125 0.0125 0.0390625
2 0.55 0.02109375 0.01328125 0.040625
2 0.53203125 0.04921875 0.009375 0.0453125
2 0.6765625 0.26640625 0.01171875 0.0546875
2 0.65859375 0.23125 0.0109375 0.05
2 0.66015625 0.1484375 0.0109375 0.0265625
2 0.828125 0.49453125 0.00859375 0.04140625
2 0.09921875 0.89765625 0.0171875 0.07734375
2 0.1921875 0.41171875 0.01484375 0.0671875
2 0.12265625 0.503125 0.0125 0.06015625
2 0.12109375 0.45390625 0.015625 0.05703125
2 0.03046875 0.04765625 0.00625 0.04140625
2 0.02109375 0.02890625 0.00859375 0.03671875
2 0.98046875 0.9390625 0.03203125 0.0703125
2 0.93203125 0.97421875 0.02109375 0.0515625