2 0.0125 0.30390625 0.01640625 0.05859375
2 0.04296875 0.72890625 0.015625 0.07109375
2 0.12109375 0.95703125 0.0265625 0.0859375
2 0.1171875 0.53984375 0.0171875 0.07109375
2 0.11796875 0.51328125 0.01953125 0.05859375
2 0.228125 0.64765625 0.0203125 0.08046875
2 0.2265625 0.44921875 0.01171875 0.059375
2 0.2421875 0.4640625 0.01328125 0.06328125
2 0.25 0.446875 0.0125 0.05859375
2 0.23828125 0.45 0.0078125 0.0609375
1 0.2421875 0.27890625 0.06015625 0.15625
1 0.296875 0.43984375 0.08984375 0.2046875
0 0.52890625 0.884375 0.1640625 0.23125
2 0.90625 0.5234375 0.01484375 0.06328125
2 0.75859375 0.43515625 0.01484375 0.05859375
2 0.8484375 0.18203125 0.0140625 0.04375
2 0.9625 0.103125 0.01015625 0.04765625
2 0.83046875 0.121875 0.00859375 0.05
2 0.728125 0.1703125 0.015625 0.04609375
2 0.7765625 0.10625 0.0109375 0.04375
2 0.95390625 0.153125 0.01015625 0.05703125
2 0.725 0.0453125 0.0109375 0.0421875
2 0.68359375 0.03671875 0.01015625 0.04375
2 0.571875 0.0546875 0.0125 0.04921875
2 0.47578125 0.04765625 0.01015625 0.05
2 0.5765625 0.14453125 0.009375 0.0515625
2 0.6 0.1703125 0.00859375 0.04375
2 0.765625 0.3453125 0.01171875 0.053125
2 0.66328125 0.29375 0.00859375 0.053125
2 0.68046875 0.29609375 0.01015625 0.05859375
2 0.678125 0.25078125 0.01484375 0.04453125
2 0.65625 0.2375 0.01015625 0.053125
2 0.6625 0.24375 0.00859375 0.05078125
2 0.63984375 0.228125 0.0125 0.04296875
2 0.63359375 0.2078125 0.0078125 0.053125
1 0.61328125 0.284375 0.09453125 0.17421875
1 0.409375 0.07265625 0.0609375 0.121875
1 0.43984375 0.04765625 0.07109375 0.0953125