2 0.340625 0.01171875 0.0078125 0.0234375
2 0.21171875 0.16875 0.01015625 0.0453125
2 0.27890625 0.36953125 0.01328125 0.06171875
2 0.3625 0.23515625 0.01171875 0.0578125
2 0.3359375 0.2859375 0.0125 0.0625
2 0.3390625 0.23359375 0.01328125 0.05234375
2 0.3296875 0.240625 0.0078125 0.04375
2 0.96953125 0.6125 0.01171875 0.059375
2 0.9609375 0.5984375 0.0140625 0.0765625
2 0.79921875 0.63203125 0.0125 0.071875
2 0.7796875 0.61953125 0.01796875 0.06953125
2 0.76796875 0.56796875 0.0125 0.05546875
2 0.728125 0.62578125 0.01484375 0.065625
0 0.46640625 0.9 0.1515625 0.2