1 0.2484375 0.484375 0.125 0.21640625
1 0.65078125 0.66484375 0.1234375 0.240625
0 0.475 0.82734375 0.196875 0.32421875
0 0.27890625 0.18125 0.16640625 0.2421875
2 0.96171875 0.52734375 0.015625 0.0703125
2 0.6046875 0.8484375 0.01953125 0.08046875
2 0.9765625 0.4328125 0.01796875 0.07109375
2 0.98828125 0.43359375 0.01328125 0.053125
2 0.8515625 0.38046875 0.0109375 0.0328125
2 0.7515625 0.66328125 0.015625 0.07578125
2 0.78984375 0.5125 0.0140625 0.06484375
2 0.79375 0.46015625 0.01015625 0.03671875
2 0.784375 0.4140625 0.0125 0.06640625
2 0.80078125 0.4 0.015625 0.0671875
2 0.046875 0.59609375 0.02421875 0.06484375
2 0.2015625 0.459375 0.01484375 0.04765625
2 0.05546875 0.13984375 0.01171875 0.05546875
2 0.103125 0.1859375 0.0109375 0.05625
2 0.10859375 0.02578125 0.0078125 0.04765625
2 0.15703125 0.06875 0.0140625 0.04765625
2 0.24609375 0.03828125 0.01640625 0.0421875
2 0.23828125 0.0890625 0.009375 0.05078125
2 0.2 0.08203125 0.009375 0.0546875
2 0.28828125 0.0171875 0.01328125 0.03359375
2 0.29921875 0.01875 0.00546875 0.03515625
2 0.45 0.046875 0.01171875 0.0484375
2 0.20546875 0.32890625 0.01328125 0.0546875
2 0.234375 0.346875 0.01328125 0.05859375
2 0.2484375 0.3875 0.0140625 0.0390625
2 0.203125 0.37421875 0.01328125 0.05546875
2 0.33359375 0.296875 0.0140625 0.05859375
2 0.315625 0.32890625 0.0125 0.05546875
2 0.30078125 0.3140625 0.0125 0.06484375
2 0.28203125 0.33984375 0.0125 0.065625
2 0.371875 0.2234375 0.00859375 0.0640625
2 0.38203125 0.2359375 0.01171875 0.0546875
2 0.34296875 0.25078125 0.01015625 0.06796875
2 0.4359375 0.08984375 0.0140625 0.0515625
2 0.39765625 0.196875 0.009375 0.06484375
2 0.43125 0.17578125 0.01328125 0.053125
2 0.4140625 0.16015625 0.01171875 0.06171875
2 0.44921875 0.1328125 0.01484375 0.05703125
2 0.44453125 0.1203125 0.01015625 0.06015625
2 0.3953125 0.084375 0.0109375 0.02265625
2 0.42421875 0.1453125 0.01171875 0.0625