2 0.04765625 0.0765625 0.0125 0.04609375
2 0.0828125 0.090625 0.009375 0.046875
2 0.196875 0.059375 0.01484375 0.04609375
2 0.21015625 0.0546875 0.01171875 0.0484375
2 0.24296875 0.10234375 0.0125 0.06015625
2 0.25234375 0.0984375 0.0109375 0.05546875
2 0.315625 0.0828125 0.01328125 0.0421875
2 0.42734375 0.1 0.01171875 0.0546875
0 0.184375 0.6046875 0.20625 0.3421875
0 0.4921875 0.86015625 0.18515625 0.27890625
1 0.840625 0.08515625 0.0515625 0.09375
1 0.7640625 0.19921875 0.05390625 0.15859375
0 0.61484375 0.56171875 0.14375 0.33515625
2 0.6875 0.33671875 0.01015625 0.06171875
2 0.78828125 0.38046875 0.01328125 0.05390625
2 0.796875 0.38671875 0.0171875 0.0578125
2 0.76015625 0.4234375 0.0140625 0.0703125
2 0.803125 0.4765625 0.01328125 0.06796875
2 0.77578125 0.44921875 0.0109375 0.040625
2 0.78984375 0.475 0.01328125 0.0703125
2 0.7796875 0.47109375 0.01171875 0.0625
2 0.72421875 0.4734375 0.0140625 0.0484375
2 0.740625 0.47109375 0.015625 0.04609375
2 0.725 0.5109375 0.01484375 0.0609375
2 0.740625 0.525 0.01796875 0.06640625
2 0.6765625 0.6875 0.01875 0.059375
2 0.68359375 0.72421875 0.0125 0.059375
2 0.675 0.74609375 0.0125 0.04296875
2 0.6984375 0.7390625 0.01171875 0.04140625
2 0.73671875 0.7375 0.01640625 0.08125
2 0.76953125 0.75546875 0.01796875 0.0609375
2 0.76953125 0.71484375 0.0140625 0.04609375
2 0.81953125 0.65 0.01484375 0.07421875
2 0.89453125 0.59453125 0.01328125 0.06953125
2 0.7703125 0.67890625 0.01640625 0.0484375
2 0.7578125 0.6734375 0.01484375 0.07890625
2 0.70390625 0.72421875 0.01328125 0.05
2 0.69453125 0.68671875 0.01484375 0.075
2 0.709375 0.6875 0.0109375 0.0625
2 0.7171875 0.67578125 0.00859375 0.06875
2 0.71796875 0.63984375 0.01328125 0.04375
2 0.73203125 0.646875 0.0171875 0.07734375
2 0.73515625 0.596875 0.01171875 0.03828125
2 0.74375 0.58125 0.01484375 0.0765625
2 0.76484375 0.61484375 0.01484375 0.059375
2 0.76796875 0.58125 0.01328125 0.0578125
2 0.75546875 0.56875 0.0109375 0.07890625
2 0.78828125 0.571875 0.01484375 0.06875
2 0.7796875 0.54609375 0.01484375 0.0671875
2 0.7578125 0.51953125 0.015625 0.03828125
2 0.76953125 0.5015625 0.01015625 0.053125
2 0.7625 0.51875 0.01171875 0.06015625
2 0.9359375 0.978125 0.0125 0.04375
2 0.1953125 0.4609375 0.01328125 0.04375
2 0.18671875 0.4078125 0.01015625 0.06796875
2 0.184375 0.37109375 0.01484375 0.03203125
2 0.20390625 0.35703125 0.01328125 0.0625
2 0.2359375 0.4109375 0.01171875 0.05703125
2 0.22421875 0.38359375 0.0171875 0.065625
2 0.2703125 0.37890625 0.015625 0.07421875
2 0.2765625 0.35703125 0.01171875 0.05546875
2 0.28828125 0.33515625 0.01328125 0.06640625
2 0.29765625 0.321875 0.0125 0.06640625
2 0.30625 0.309375 0.0125 0.06328125
2 0.3296875 0.271875 0.0140625 0.05703125
2 0.36640625 0.259375 0.015625 0.0546875
2 0.38515625 0.22578125 0.0171875 0.05625
2 0.40078125 0.175 0.0109375 0.0609375
2 0.41328125 0.1828125 0.0125 0.06328125
2 0.36796875 0.2125 0.01171875 0.05
2 0.34921875 0.23671875 0.009375 0.05390625
2 0.32109375 0.259375 0.00859375 0.05078125
2 0.31328125 0.27265625 0.00859375 0.05078125
2 0.2328125 0.33828125 0.01171875 0.04921875
2 0.334375 0.22421875 0.01171875 0.028125
2 0.33828125 0.25078125 0.01171875 0.05
2 0.3640625 0.184375 0.00703125 0.040625
2 0.978125 0.0234375 0.0078125 0.040625
2 0.96171875 0.0859375 0.01171875 0.0484375