2 0.43515625 0.83203125 0.01953125 0.06484375
2 0.63515625 0.8703125 0.0203125 0.07265625
0 0.46953125 0.8890625 0.15546875 0.221875
0 0.60390625 0.68671875 0.11640625 0.24296875
2 0.8546875 0.93828125 0.02734375 0.0828125
2 0.9578125 0.87421875 0.01796875 0.08046875
2 0.634375 0.7859375 0.02109375 0.0765625
2 0.903125 0.81875 0.01796875 0.07734375
2 0.88515625 0.75234375 0.0203125 0.08125
2 0.93828125 0.79453125 0.0140625 0.084375
2 0.92578125 0.7953125 0.0140625 0.07890625
2 0.6953125 0.725 0.01484375 0.05078125
2 0.7109375 0.70390625 0.01875 0.071875
2 0.76171875 0.71171875 0.01953125 0.0734375
2 0.75078125 0.6734375 0.01484375 0.0703125
2 0.7109375 0.6609375 0.0109375 0.03203125
2 0.7140625 0.61171875 0.02109375 0.04375
1 0.83984375 0.07890625 0.0515625 0.08984375
2 0.78515625 0.34453125 0.0140625 0.06640625
2 0.80625 0.37265625 0.0140625 0.05703125
2 0.80859375 0.53203125 0.01328125 0.0703125
2 0.76796875 0.55546875 0.015625 0.05234375
2 0.77109375 0.49765625 0.0125 0.0609375
2 0.78203125 0.49296875 0.01171875 0.0671875
2 0.7953125 0.41953125 0.0109375 0.04921875
2 0.7890625 0.4484375 0.01171875 0.05859375
0 0.59296875 0.05234375 0.07421875 0.096875
2 0.5328125 0.02265625 0.0125 0.0453125
0 0.21484375 0.728125 0.13515625 0.2546875
0 0.17265625 0.634375 0.2109375 0.3390625
2 0.16875 0.5 0.015625 0.0578125
2 0.09140625 0.5296875 0.015625 0.05703125
2 0.00859375 0.328125 0.01640625 0.0625
2 0.2078125 0.42734375 0.0125 0.05859375
2 0.1359375 0.23203125 0.01328125 0.05
2 0.12578125 0.2140625 0.0125 0.06328125
2 0.15546875 0.1546875 0.01171875 0.05546875
2 0.14296875 0.0984375 0.0109375 0.04609375
2 0.12109375 0.0296875 0.01015625 0.046875
2 0.15625 0.10234375 0.009375 0.0453125
2 0.14609375 0.06015625 0.0109375 0.0328125
2 0.1546875 0.071875 0.0109375 0.0265625
2 0.1828125 0.03125 0.0109375 0.04375
2 0.19375 0.03984375 0.00859375 0.040625
2 0.25234375 0.05703125 0.009375 0.04375
2 0.2546875 0.01640625 0.01328125 0.03125
2 0.284375 0.0296875 0.01015625 0.03828125
2 0.29140625 0.02421875 0.0140625 0.0484375
2 0.30078125 0.02890625 0.00859375 0.04921875
2 0.3125 0.0328125 0.01171875 0.0421875
2 0.37421875 0.034375 0.1046875 0.06875
2 0.3625 0.1015625 0.01015625 0.02578125
2 0.421875 0.17734375 0.0109375 0.05703125
2 0.409375 0.1515625 0.009375 0.05078125
2 0.4265625 0.1484375 0.0125 0.0359375
2 0.41484375 0.125 0.01171875 0.03125
2 0.31015625 0.16875 0.00859375 0.0203125
2 0.28828125 0.1921875 0.01015625 0.0234375
2 0.29296875 0.178125 0.0109375 0.0265625
2 0.3984375 0.18203125 0.00859375 0.0359375
2 0.396875 0.225 0.0109375 0.065625
2 0.38125 0.2546875 0.0109375 0.0484375
2 0.38359375 0.225 0.01015625 0.04140625
2 0.36875 0.22265625 0.009375 0.03046875
2 0.36953125 0.26640625 0.01171875 0.0640625
2 0.3625 0.26640625 0.00859375 0.06015625
2 0.35 0.23203125 0.009375 0.06015625
2 0.3484375 0.29921875 0.01015625 0.0609375
2 0.33984375 0.23125 0.009375 0.0328125
2 0.34375 0.271875 0.01015625 0.0609375
2 0.33046875 0.325 0.01015625 0.06640625
2 0.3265625 0.2625 0.0078125 0.046875
2 0.31015625 0.29609375 0.01328125 0.05859375
2 0.325 0.33515625 0.01171875 0.0625
2 0.3015625 0.34140625 0.0109375 0.0625
2 0.2921875 0.37734375 0.0125 0.06484375
2 0.2765625 0.35546875 0.0140625 0.06328125
2 0.27578125 0.3265625 0.01015625 0.03828125
2 0.26328125 0.346875 0.01328125 0.06171875
2 0.2671875 0.42109375 0.0125 0.06953125
2 0.2640625 0.37734375 0.00859375 0.015625
2 0.26015625 0.41015625 0.0203125 0.059375
2 0.23203125 0.39609375 0.01484375 0.06796875
2 0.2359375 0.34609375 0.01328125 0.04140625
2 0.21875 0.34296875 0.0125 0.05859375
2 0.20078125 0.33984375 0.01484375 0.059375
2 0.1828125 0.328125 0.0140625 0.0328125
2 0.1890625 0.3640625 0.0171875 0.05
2 0.08203125 0.16953125 0.01015625 0.0421875
2 0.07890625 0.0859375 0.01015625 0.05