1 0.73828125 0.30703125 0.0703125 0.1703125
1 0.49921875 0.09921875 0.084375 0.1171875
1 0.646875 0.65390625 0.13046875 0.21953125
0 0.46484375 0.8578125 0.17578125 0.284375
2 0.7953125 0.553125 0.01171875 0.0625
2 0.74140625 0.690625 0.01484375 0.075
2 0.796875 0.63515625 0.01796875 0.08125
2 0.90546875 0.3453125 0.01640625 0.0609375
2 0.7859375 0.4828125 0.0125 0.065625
2 0.7921875 0.46953125 0.01484375 0.0671875
2 0.97578125 0.64921875 0.01328125 0.06796875
2 0.98828125 0.596875 0.015625 0.07578125
2 0.5484375 0.9734375 0.02109375 0.053125
2 0.634375 0.87890625 0.01484375 0.0671875
2 0.653125 0.80078125 0.015625 0.0703125
2 0.59296875 0.875 0.01875 0.0671875
0 0.4859375 0.234375 0.1328125 0.23046875
2 0.01875 0.9328125 0.01953125 0.084375
2 0.0265625 0.72578125 0.02109375 0.0625
2 0.1046875 0.52890625 0.009375 0.06875
2 0.1984375 0.39140625 0.015625 0.0609375
2 0.21796875 0.45 0.01484375 0.07421875
2 0.03828125 0.34140625 0.0125 0.05859375
2 0.0453125 0.0890625 0.01171875 0.0515625
2 0.07109375 0.1234375 0.01171875 0.0359375
2 0.07421875 0.16484375 0.01171875 0.05703125
2 0.1609375 0.0984375 0.01171875 0.05390625
2 0.1359375 0.034375 0.0109375 0.03984375
2 0.02265625 0.34140625 0.01171875 0.05546875
2 0.01328125 0.346875 0.01328125 0.0640625
2 0.1921875 0.06015625 0.01015625 0.04609375
2 0.21484375 0.071875 0.01015625 0.0484375
2 0.23125 0.09765625 0.01015625 0.04921875
2 0.24375 0.090625 0.01015625 0.05078125
2 0.1015625 0.03125 0.0078125 0.0484375
2 0.10703125 0.0265625 0.0125 0.046875
2 0.328125 0.109375 0.00859375 0.0453125
2 0.23203125 0.35546875 0.009375 0.0546875
2 0.2703125 0.39921875 0.01328125 0.06953125
2 0.6140625 0.08984375 0.0140625 0.04453125
2 0.43515625 0.08671875 0.0078125 0.0453125
2 0.2828125 0.03515625 0.01171875 0.04453125
2 0.30625 0.0453125 0.01328125 0.05
2 0.315625 0.025 0.01328125 0.05
2 0.25703125 0.02109375 0.0109375 0.0421875
2 0.3234375 0.284375 0.0109375 0.0515625
2 0.40234375 0.234375 0.01484375 0.05703125
2 0.34453125 0.24140625 0.00859375 0.04921875
2 0.2796875 0.21953125 0.00859375 0.03671875
2 0.4203125 0.16484375 0.01015625 0.05390625
2 0.42890625 0.17890625 0.00859375 0.0484375
2 0.44140625 0.165625 0.0109375 0.04921875
2 0.44453125 0.11484375 0.01171875 0.05
2 0.4453125 0.13046875 0.009375 0.0484375
2 0.42109375 0.0921875 0.00859375 0.03984375
2 0.41015625 0.10703125 0.00859375 0.046875
2 0.2984375 0.3171875 0.01171875 0.065625
2 0.346875 0.12421875 0.01328125 0.01640625
2 0.25546875 0.24453125 0.01484375 0.02578125
2 0.3984375 0.1859375 0.01171875 0.03671875