1 0.84375 0.0890625 0.05703125 0.0890625
2 0.78515625 0.353125 0.0125 0.0703125
2 0.6375 0.396875 0.01953125 0.05703125
2 0.8046875 0.3734375 0.0140625 0.0578125
2 0.85859375 0.55546875 0.0125 0.065625
2 0.796875 0.45546875 0.01484375 0.0609375
2 0.78046875 0.48984375 0.01328125 0.0625
2 0.79609375 0.4109375 0.01015625 0.021875
2 0.78515625 0.453125 0.01171875 0.0375
2 0.7671875 0.546875 0.01875 0.06171875
2 0.740625 0.68125 0.01640625 0.07109375
2 0.63125 0.78671875 0.01328125 0.06796875
2 0.7171875 0.6078125 0.01640625 0.07109375
2 0.7125 0.6640625 0.0125 0.06484375
2 0.70546875 0.73046875 0.01640625 0.0640625
2 0.69375 0.71015625 0.02265625 0.071875
2 0.84609375 0.715625 0.015625 0.06640625
0 0.603125 0.68828125 0.11171875 0.2484375
0 0.46875 0.88984375 0.15625 0.2203125
2 0.35390625 0.9 0.015625 0.08046875
2 0.2875 0.90078125 0.015625 0.0734375
2 0.35625 0.8375 0.01640625 0.0640625
2 0.33125 0.86328125 0.01484375 0.07578125
2 0.30625 0.853125 0.021875 0.07109375
2 0.06328125 0.9640625 0.01640625 0.0671875
2 0.07890625 0.97890625 0.02421875 0.03671875
2 0.1703125 0.62421875 0.01796875 0.07578125
2 0.06953125 0.06875 0.0109375 0.0515625
2 0.12421875 0.0375 0.01328125 0.0421875
2 0.1671875 0.0609375 0.0109375 0.040625
2 0.1609375 0.16328125 0.01015625 0.0484375
2 0.10859375 0.1890625 0.0140625 0.05234375
2 0.1046875 0.27734375 0.01015625 0.05703125
2 0.09296875 0.24140625 0.00859375 0.0546875
2 0.29296875 0.05234375 0.01171875 0.03984375
2 0.32421875 0.02890625 0.0109375 0.04609375
2 0.1890625 0.34375 0.01328125 0.059375
2 0.203125 0.3390625 0.00859375 0.06796875
2 0.20703125 0.325 0.0109375 0.0546875
2 0.190625 0.41953125 0.01015625 0.0640625
2 0.20703125 0.4734375 0.01328125 0.06484375
2 0.23671875 0.4703125 0.01640625 0.05546875
2 0.2453125 0.44296875 0.01171875 0.0671875
2 0.2421875 0.3578125 0.01171875 0.053125
2 0.2640625 0.3703125 0.0109375 0.0546875
2 0.27734375 0.35234375 0.0109375 0.04609375
2 0.2765625 0.334375 0.0109375 0.03359375
2 0.27890625 0.30546875 0.009375 0.03125
2 0.30234375 0.3125 0.00859375 0.05078125
2 0.31484375 0.30390625 0.01171875 0.0296875
2 0.3203125 0.26796875 0.00859375 0.053125
2 0.33203125 0.27890625 0.0140625 0.0234375
2 0.3421875 0.24453125 0.01015625 0.0515625
2 0.35546875 0.265625 0.01171875 0.03359375
2 0.36640625 0.2578125 0.00859375 0.06015625
2 0.45703125 0.0609375 0.0109375 0.05
2 0.4296875 0.07265625 0.009375 0.0515625
2 0.43984375 0.10625 0.01484375 0.05703125
2 0.4046875 0.08359375 0.0078125 0.04296875
2 0.41015625 0.1078125 0.0078125 0.04140625
2 0.41171875 0.15390625 0.01328125 0.0546875
2 0.4140625 0.2015625 0.01484375 0.06328125
2 0.39140625 0.2109375 0.01015625 0.0515625
2 0.39140625 0.18046875 0.00859375 0.02734375
2 0.34765625 0.11953125 0.0125 0.015625
2 0.24140625 0.2515625 0.0125 0.021875
2 0.24921875 0.24375 0.00859375 0.0125
2 0.2578125 0.23828125 0.01171875 0.01484375
0 0.33125 0.3703125 0.11640625 0.19296875
0 0.26953125 0.17890625 0.1578125 0.2328125
0 0.08828125 0.3734375 0.16328125 0.21953125