0 0.54609375 0.65234375 0.1734375 0.12578125
2 0.2234375 0.240625 0.00859375 0.0328125
2 0.08203125 0.38125 0.0078125 0.03828125
2 0.29765625 0.415625 0.01015625 0.0265625
2 0.29375 0.41953125 0.0078125 0.03125
2 0.115625 0.5203125 0.0109375 0.02890625
2 0.2921875 0.5265625 0.01015625 0.0390625
2 0.0578125 0.37421875 0.0078125 0.025
2 0.05703125 0.4171875 0.009375 0.034375
2 0.0625 0.39921875 0.0078125 0.03125
2 0.25234375 0.53671875 0.009375 0.02734375
2 0.259375 0.54140625 0.00703125 0.02734375
2 0.3390625 0.56875 0.0109375 0.0375
2 0.353125 0.575 0.009375 0.0359375
2 0.3671875 0.55234375 0.00625 0.034375
2 0.38359375 0.5625 0.009375 0.03671875
2 0.46015625 0.575 0.009375 0.03828125
2 0.4796875 0.55859375 0.009375 0.04140625
2 0.49609375 0.5765625 0.009375 0.02734375
2 0.51796875 0.54375 0.0078125 0.028125
2 0.53515625 0.54609375 0.00859375 0.0328125
2 0.54765625 0.5484375 0.0109375 0.02734375
2 0.53359375 0.5828125 0.00859375 0.0265625
2 0.54609375 0.58671875 0.00703125 0.02421875
2 0.55546875 0.58359375 0.0078125 0.02734375
2 0.62109375 0.4515625 0.00546875 0.028125
2 0.6234375 0.60078125 0.00859375 0.025
2 0.6375 0.6046875 0.00859375 0.0375
2 0.65234375 0.63828125 0.0078125 0.0359375
2 0.67890625 0.628125 0.00703125 0.04140625
2 0.73828125 0.60625 0.0078125 0.0328125
2 0.74375 0.6578125 0.0078125 0.03828125
2 0.75625 0.66328125 0.01171875 0.0375
2 0.77890625 0.67109375 0.0140625 0.0375
2 0.82421875 0.640625 0.009375 0.0328125
2 0.815625 0.675 0.01015625 0.0421875
2 0.90546875 0.64140625 0.00859375 0.03984375
2 0.89765625 0.67109375 0.00859375 0.04453125
2 0.92578125 0.67109375 0.0078125 0.04140625
2 0.9125 0.7046875 0.0078125 0.040625
2 0.94375 0.7125 0.009375 0.03984375
2 0.96875 0.728125 0.009375 0.03984375
2 0.97578125 0.7125 0.0078125 0.034375
2 0.98046875 0.71640625 0.00859375 0.03515625
2 0.99375 0.45 0.00703125 0.0375
2 0.9671875 0.52109375 0.01015625 0.04140625
2 0.98515625 0.4953125 0.0078125 0.03125
2 0.984375 0.52578125 0.01015625 0.02734375
2 0.9875 0.55703125 0.00859375 0.0375
2 0.98515625 0.17109375 0.00546875 0.02421875
2 0.9359375 0.2765625 0.00859375 0.028125
2 0.9234375 0.27421875 0.0078125 0.02734375
2 0.8984375 0.25859375 0.0078125 0.0234375
2 0.98125 0.21171875 0.00546875 0.03046875
2 0.9453125 0.20546875 0.00625 0.03046875
2 0.853125 0.34765625 0.00625 0.02890625
2 0.85703125 0.36171875 0.0078125 0.040625
2 0.9796875 0.13671875 0.00703125 0.02734375