1 0.70546875 0.69375 0.08984375 0.1125
0 0.38828125 0.50546875 0.10078125 0.10078125
0 0.55234375 0.203125 0.0640625 0.0546875
2 0.546875 0.40859375 0.0078125 0.0328125
2 0.45 0.49375 0.00859375 0.03515625
2 0.4359375 0.4890625 0.0078125 0.03359375
2 0.45390625 0.44921875 0.0078125 0.02578125
2 0.45859375 0.46796875 0.0078125 0.03359375
2 0.48203125 0.48125 0.0109375 0.03515625
2 0.4734375 0.49453125 0.0109375 0.02890625
2 0.51328125 0.5109375 0.01015625 0.0296875
2 0.52265625 0.51171875 0.0078125 0.0375
2 0.61328125 0.5609375 0.01171875 0.04375
2 0.63203125 0.39765625 0.00703125 0.0265625
2 0.64296875 0.4 0.00703125 0.015625
2 0.6625 0.4125 0.00859375 0.02421875
2 0.7765625 0.46953125 0.0078125 0.03125
2 0.7703125 0.51328125 0.00546875 0.03203125
2 0.73984375 0.51640625 0.00703125 0.04296875
2 0.746875 0.5296875 0.009375 0.0296875
2 0.7359375 0.6 0.00625 0.04296875
2 0.7859375 0.628125 0.009375 0.0453125
2 0.71328125 0.6203125 0.009375 0.04375
2 0.65078125 0.6265625 0.009375 0.04296875
0 0.60703125 0.640625 0.09921875 0.11640625
2 0.6921875 0.58515625 0.009375 0.0390625
2 0.7453125 0.64453125 0.00859375 0.04375
2 0.73515625 0.64375 0.009375 0.0484375
2 0.76953125 0.69609375 0.01171875 0.0546875
2 0.7671875 0.6765625 0.009375 0.06171875
2 0.7046875 0.634375 0.009375 0.025
2 0.69296875 0.62421875 0.00859375 0.02265625
2 0.68515625 0.61171875 0.0078125 0.034375
2 0.6765625 0.58984375 0.00859375 0.04375
2 0.6796875 0.60859375 0.00859375 0.0359375
2 0.89375 0.70546875 0.00703125 0.0546875
2 0.884375 0.71875 0.00859375 0.0296875
2 0.5953125 0.1765625 0.0046875 0.01875
2 0.48828125 0.21953125 0.0078125 0.02421875
2 0.4796875 0.22265625 0.00390625 0.021875
2 0.403125 0.3 0.00546875 0.0234375
2 0.4265625 0.27265625 0.0046875 0.0234375
2 0.421875 0.271875 0.00390625 0.0203125
2 0.44765625 0.18203125 0.003125 0.0171875
2 0.59921875 0.1640625 0.00546875 0.01328125
2 0.45625 0.23125 0.00625 0.02109375
2 0.3671875 0.25234375 0.00390625 0.015625
2 0.4421875 0.22578125 0.00390625 0.01796875
2 0.446875 0.23359375 0.00390625 0.0171875
2 0.4421875 0.24296875 0.0046875 0.0203125
2 0.43828125 0.2359375 0.0046875 0.01953125
2 0.4515625 0.23515625 0.00625 0.01875
2 0.428125 0.2484375 0.00546875 0.02265625
2 0.41953125 0.24140625 0.00625 0.02109375
2 0.40390625 0.25859375 0.0046875 0.02421875
2 0.3984375 0.265625 0.00546875 0.021875
2 0.51875 0.20234375 0.00625 0.02109375
2 0.39140625 0.26875 0.00625 0.0265625
2 0.38671875 0.284375 0.00625 0.02421875
2 0.38515625 0.2625 0.00625 0.01875
2 0.3796875 0.290625 0.0078125 0.0265625
2 0.36796875 0.2921875 0.00390625 0.025
2 0.37734375 0.27265625 0.00703125 0.0140625
2 0.36484375 0.265625 0.00625 0.0265625