0 0.03984375 0.6359375 0.0796875 0.115625
0 0.425 0.61875 0.16015625 0.1203125
0 0.6703125 0.73203125 0.1796875 0.15078125
2 0.1625 0.3765625 0.009375 0.034375
2 0.13203125 0.52265625 0.00859375 0.034375
2 0.2390625 0.4375 0.0109375 0.03359375
2 0.2859375 0.5171875 0.0109375 0.03828125
2 0.3171875 0.5515625 0.01171875 0.0328125
2 0.35546875 0.55 0.0109375 0.03125
2 0.4453125 0.33515625 0.009375 0.01640625
2 0.4734375 0.39375 0.01328125 0.03671875
2 0.60703125 0.36328125 0.009375 0.0203125
2 0.64765625 0.45859375 0.009375 0.03359375
2 0.6578125 0.40703125 0.01015625 0.0375
2 0.7640625 0.3234375 0.00703125 0.03203125
2 0.74140625 0.41328125 0.0125 0.0359375
2 0.99453125 0.44609375 0.0109375 0.0359375
2 0.5140625 0.58828125 0.00859375 0.04140625
2 0.5359375 0.6078125 0.01328125 0.040625
2 0.55078125 0.6078125 0.009375 0.0546875
2 0.56015625 0.60859375 0.01015625 0.0453125
2 0.571875 0.6046875 0.01171875 0.03359375
2 0.590625 0.62109375 0.0109375 0.03515625
2 0.63046875 0.65 0.00859375 0.02578125
2 0.64609375 0.61953125 0.01015625 0.04296875
2 0.65625 0.603125 0.01015625 0.034375
2 0.66171875 0.653125 0.01171875 0.03203125
2 0.74296875 0.6203125 0.01171875 0.03984375
2 0.8421875 0.7390625 0.00859375 0.04765625
2 0.809375 0.63515625 0.0125 0.028125
2 0.8171875 0.628125 0.009375 0.03828125
2 0.6546875 0.4765625 0.0125 0.0328125
2 0.96640625 0.178125 0.00703125 0.01796875
2 0.928125 0.31953125 0.00859375 0.03125
2 0.93515625 0.29375 0.00859375 0.0296875
2 0.98515625 0.140625 0.0078125 0.0328125
2 0.975 0.075 0.00546875 0.02890625
2 0.9703125 0.3578125 0.01015625 0.02890625
2 0.94375 0.38046875 0.009375 0.03828125
2 0.9515625 0.37734375 0.0078125 0.03203125
2 0.96015625 0.4109375 0.01171875 0.04609375
2 0.9671875 0.41484375 0.01328125 0.03125
2 0.96953125 0.47734375 0.0078125 0.03046875
2 0.96484375 0.4828125 0.0078125 0.03671875
2 0.84375 0.61484375 0.01171875 0.034375
2 0.92734375 0.6625 0.01015625 0.04765625
2 0.9921875 0.78359375 0.01015625 0.05234375
2 0.8171875 0.4171875 0.0109375 0.03984375
2 0.578125 0.35546875 0.009375 0.0359375