2 0.9640625 0.865625 0.021875 0.0859375
2 0.54453125 0.9734375 0.0328125 0.04765625
2 0.50234375 0.84296875 0.01875 0.1046875
2 0.58671875 0.9109375 0.01953125 0.0734375
2 0.5703125 0.871875 0.0265625 0.09453125
2 0.62578125 0.8375 0.021875 0.0734375
2 0.6171875 0.803125 0.01796875 0.07421875
2 0.6390625 0.8 0.0234375 0.084375
2 0.70234375 0.7328125 0.015625 0.0515625
2 0.73828125 0.75 0.01875 0.0484375
2 0.90078125 0.7171875 0.015625 0.078125
2 0.91640625 0.725 0.01640625 0.07109375
2 0.76796875 0.6609375 0.02578125 0.0765625
2 0.8078125 0.52421875 0.01796875 0.065625
0 0.6078125 0.68125 0.12109375 0.24765625
2 0.7484375 0.59296875 0.0140625 0.0625
2 0.7421875 0.5765625 0.0140625 0.06796875
2 0.7609375 0.55625 0.01484375 0.0640625
2 0.77578125 0.51953125 0.01484375 0.06640625
2 0.77109375 0.48359375 0.0140625 0.07265625
2 0.79140625 0.44453125 0.01640625 0.06171875
2 0.78828125 0.34140625 0.0125 0.06796875
2 0.80859375 0.3765625 0.01328125 0.05625
1 0.840625 0.08125 0.05390625 0.0828125
2 0.39765625 0.94140625 0.01484375 0.07265625
2 0.29453125 0.9421875 0.0203125 0.08125
2 0.228125 0.90390625 0.02421875 0.07578125
2 0.190625 0.9375 0.01171875 0.0796875
2 0.01796875 0.9078125 0.01796875 0.0765625
2 0.071875 0.91796875 0.02421875 0.071875
2 0.11484375 0.9796875 0.015625 0.040625
2 0.046875 0.9734375 0.015625 0.053125
2 0.0640625 0.96328125 0.01875 0.07265625
2 0.01640625 0.7328125 0.01640625 0.06953125
2 0.07109375 0.634375 0.01875 0.07734375
2 0.02890625 0.6328125 0.0125 0.05234375
2 0.046875 0.6046875 0.01875 0.06484375
2 0.171875 0.50703125 0.01328125 0.0671875
2 0.103125 0.52890625 0.01640625 0.0828125
2 0.00703125 0.1 0.01328125 0.0515625
2 0.0390625 0.07265625 0.015625 0.04375
2 0.01796875 0.20703125 0.01484375 0.046875
2 0.025 0.221875 0.0109375 0.05390625
2 0.05703125 0.178125 0.01328125 0.05234375
2 0.01796875 0.325 0.0125 0.0609375
2 0.04921875 0.30390625 0.01328125 0.05625
2 0.09609375 0.1625 0.01328125 0.05546875
2 0.121875 0.03203125 0.00859375 0.0359375
2 0.165625 0.09296875 0.01171875 0.0484375
2 0.18203125 0.028125 0.0109375 0.04140625
2 0.20859375 0.0890625 0.0140625 0.04296875
2 0.25546875 0.075 0.01171875 0.05078125
2 0.30390625 0.09140625 0.01171875 0.04375
0 0.17109375 0.23203125 0.171875 0.26953125
2 0.33515625 0.01640625 0.00859375 0.03046875
2 0.43203125 0.04765625 0.01328125 0.046875
2 0.43984375 0.04765625 0.01171875 0.0453125
2 0.490625 0.0609375 0.01015625 0.046875
2 0.48515625 0.05078125 0.009375 0.04765625
2 0.41015625 0.14921875 0.01171875 0.05078125
2 0.24453125 0.3453125 0.009375 0.05390625
2 0.2546875 0.2375 0.01015625 0.02265625
2 0.275 0.225 0.01015625 0.0328125
2 0.2625 0.38359375 0.01171875 0.05625
2 0.26484375 0.3640625 0.01171875 0.04453125
2 0.27734375 0.35625 0.01015625 0.05859375
2 0.3375 0.14375 0.0078125 0.03984375
2 0.36015625 0.1078125 0.01015625 0.0203125
2 0.2890625 0.19609375 0.009375 0.0171875
2 0.29921875 0.1828125 0.0078125 0.0140625
2 0.346875 0.128125 0.009375 0.01015625
2 0.39921875 0.22265625 0.0109375 0.0578125
2 0.3921875 0.24140625 0.01015625 0.053125
2 0.3828125 0.21484375 0.01171875 0.04765625
2 0.36171875 0.2453125 0.0109375 0.0546875
2 0.375 0.25859375 0.009375 0.040625
2 0.371875 0.22890625 0.0078125 0.040625
2 0.33984375 0.24609375 0.0109375 0.053125
2 0.35 0.234375 0.0078125 0.04921875
2 0.33359375 0.2328125 0.0078125 0.0421875
2 0.33359375 0.26640625 0.01171875 0.028125
2 0.309375 0.26171875 0.01015625 0.0421875
2 0.309375 0.29609375 0.0140625 0.0421875
2 0.29140625 0.29375 0.01015625 0.03984375
2 0.29453125 0.32421875 0.0109375 0.02734375
2 0.28046875 0.37265625 0.009375 0.05234375
0 0.3328125 0.3703125 0.10625 0.19453125