2 0.0203125 0.51328125 0.00859375 0.03046875
2 0.0296875 0.51328125 0.009375 0.0265625
2 0.0578125 0.390625 0.00859375 0.028125
2 0.07578125 0.35234375 0.00625 0.0265625
2 0.121875 0.32421875 0.009375 0.02421875
2 0.165625 0.3015625 0.00703125 0.0234375
2 0.1734375 0.30390625 0.0109375 0.0234375
2 0.23828125 0.540625 0.01015625 0.0359375
2 0.28125 0.33359375 0.00625 0.03046875
2 0.303125 0.37421875 0.009375 0.03203125
2 0.296875 0.52734375 0.01015625 0.0359375
2 0.31796875 0.559375 0.0078125 0.03203125
2 0.57109375 0.45625 0.00859375 0.03671875
2 0.50859375 0.56875 0.0078125 0.03671875
2 0.5328125 0.56875 0.0078125 0.03203125
2 0.540625 0.56484375 0.00625 0.03203125
2 0.5359375 0.5375 0.0078125 0.02734375
2 0.540625 0.5390625 0.0078125 0.02421875
2 0.5578125 0.571875 0.00625 0.034375
2 0.60859375 0.6125 0.0078125 0.04765625
2 0.62109375 0.60625 0.009375 0.0359375
2 0.6453125 0.6265625 0.009375 0.04453125
2 0.66171875 0.625 0.00859375 0.03671875
2 0.68515625 0.6421875 0.01171875 0.03671875
2 0.69765625 0.56875 0.00703125 0.03984375
2 0.7390625 0.609375 0.0125 0.034375
2 0.82734375 0.60234375 0.01015625 0.0390625
2 0.85703125 0.665625 0.00859375 0.0421875
2 0.90546875 0.5921875 0.0109375 0.03671875
2 0.778125 0.46640625 0.01015625 0.034375
2 0.77265625 0.4109375 0.00859375 0.03359375
2 0.75859375 0.3453125 0.00703125 0.0359375
2 0.76484375 0.34921875 0.0109375 0.0375
2 0.7765625 0.346875 0.00859375 0.03515625
2 0.9265625 0.33984375 0.0078125 0.0390625
2 0.95859375 0.2 0.00546875 0.02578125
2 0.96171875 0.1984375 0.00703125 0.02421875
2 0.9859375 0.596875 0.01171875 0.03046875
2 0.9953125 0.59296875 0.0078125 0.04609375
2 0.91875 0.6890625 0.009375 0.04453125
2 0.984375 0.66015625 0.01171875 0.0359375
2 0.95390625 0.68984375 0.00859375 0.0421875
2 0.9453125 0.6984375 0.01171875 0.040625
2 0.99140625 0.771875 0.01640625 0.0671875