1 0.6453125 0.65546875 0.1171875 0.2375
1 0.24921875 0.48984375 0.125 0.21171875
0 0.47890625 0.86171875 0.1703125 0.2765625
0 0.49375 0.240625 0.13046875 0.2375
0 0.39296875 0.03515625 0.1265625 0.0703125
0 0.278125 0.19296875 0.16328125 0.2375
2 0.6125 0.83984375 0.01796875 0.0703125
2 0.721875 0.684375 0.01484375 0.07734375
2 0.74453125 0.69375 0.0125 0.08046875
2 0.975 0.58125 0.01484375 0.06796875
2 0.9390625 0.5953125 0.0140625 0.07109375
2 0.9765625 0.4015625 0.0125 0.0484375
2 0.9609375 0.40546875 0.01484375 0.0578125
2 0.79375 0.4796875 0.01015625 0.06796875
2 0.80546875 0.4046875 0.01015625 0.053125
2 0.79453125 0.40859375 0.0109375 0.05625
2 0.85625 0.38828125 0.009375 0.03359375
2 0.1875 0.37578125 0.0140625 0.059375
2 0.2109375 0.36328125 0.00859375 0.06015625
2 0.24140625 0.34921875 0.01015625 0.05078125
2 0.178125 0.29140625 0.0109375 0.0625
2 0.2640625 0.33828125 0.0140625 0.0390625
2 0.21015625 0.3171875 0.0125 0.05078125
2 0.29765625 0.3078125 0.009375 0.06015625
2 0.28125 0.334375 0.0109375 0.05546875
2 0.31171875 0.33125 0.0109375 0.06171875
2 0.3296875 0.3 0.01171875 0.053125
2 0.334375 0.28359375 0.00859375 0.06015625
2 0.34765625 0.23515625 0.01171875 0.0671875
2 0.38359375 0.2359375 0.01171875 0.06015625
2 0.3640625 0.24921875 0.01171875 0.065625
2 0.45078125 0.1375 0.0078125 0.04609375
2 0.44296875 0.121875 0.01171875 0.059375
2 0.42265625 0.1453125 0.01171875 0.059375
2 0.4140625 0.159375 0.01015625 0.05703125
2 0.4125 0.10546875 0.009375 0.04140625
2 0.06875 0.31875 0.01328125 0.05390625
2 0.11484375 0.2859375 0.01015625 0.0640625
2 0.109375 0.25234375 0.0109375 0.05234375
2 0.13671875 0.225 0.0125 0.05703125
2 0.18828125 0.0609375 0.01171875 0.046875
2 0.18046875 0.0578125 0.00703125 0.0453125
2 0.12421875 0.09921875 0.0109375 0.05078125
2 0.11328125 0.09765625 0.01328125 0.04765625
2 0.10078125 0.09765625 0.009375 0.05078125
2 0.1 0.07734375 0.0109375 0.03828125
2 0.0328125 0.25625 0.0140625 0.0671875