0 0.36953125 0.625 0.1765625 0.09921875
2 0.303125 0.3921875 0.009375 0.028125
2 0.3453125 0.45078125 0.00859375 0.02890625
2 0.2796875 0.5359375 0.00703125 0.0421875
2 0.30078125 0.521875 0.00859375 0.0375
2 0.32109375 0.55078125 0.00703125 0.03828125
2 0.35234375 0.55 0.00859375 0.03515625
2 0.3578125 0.55546875 0.00546875 0.034375
2 0.5375 0.59921875 0.00859375 0.03515625
2 0.54296875 0.58203125 0.009375 0.02734375
2 0.59375 0.3609375 0.0078125 0.03046875
2 0.64609375 0.625 0.009375 0.03828125
2 0.66484375 0.61640625 0.01015625 0.02890625
2 0.67890625 0.61484375 0.0125 0.03984375
2 0.97734375 0.759375 0.01484375 0.03125
2 0.9640625 0.75390625 0.01015625 0.04140625
2 0.99296875 0.70234375 0.00625 0.03671875
2 0.98515625 0.70546875 0.01015625 0.034375
2 0.97890625 0.71171875 0.01015625 0.03203125
2 0.9265625 0.68515625 0.0109375 0.03125
2 0.9078125 0.68359375 0.00859375 0.03046875
2 0.8984375 0.68515625 0.01015625 0.0328125
2 0.9015625 0.63125 0.01015625 0.04140625
2 0.8921875 0.625 0.0109375 0.03828125
2 0.8859375 0.60625 0.0078125 0.03828125
2 0.8140625 0.65859375 0.0125 0.0390625
2 0.75 0.58671875 0.0109375 0.034375
2 0.759375 0.44609375 0.00859375 0.03671875
2 0.9125 0.4734375 0.015625 0.0359375
2 0.97890625 0.48515625 0.00703125 0.0328125
2 0.98515625 0.553125 0.01015625 0.03515625
2 0.9765625 0.14609375 0.00703125 0.01953125
2 0.915625 0.28984375 0.00859375 0.0234375
2 0.8125 0.2859375 0.01015625 0.028125
2 0.01484375 0.51875 0.01015625 0.02890625
2 0.02890625 0.51796875 0.0109375 0.03515625