1 0.70625 0.42890625 0.08828125 0.21015625
1 0.409375 0.84296875 0.103125 0.225
1 0.46796875 0.29453125 0.07890625 0.17265625
1 0.40390625 0.275 0.0828125 0.1484375
0 0.3734375 0.02890625 0.09140625 0.05703125
0 0.2640625 0.18359375 0.15546875 0.25
0 0.20234375 0.5625 0.1890625 0.31640625
2 0.9453125 0.62265625 0.0125 0.06484375
2 0.96171875 0.63203125 0.01015625 0.0703125
2 0.990625 0.57734375 0.0125 0.07109375
2 0.57265625 0.67578125 0.0140625 0.065625
2 0.58671875 0.68671875 0.0125 0.075
2 0.85625 0.38828125 0.009375 0.0296875
2 0.825 0.38046875 0.01015625 0.059375
2 0.80234375 0.421875 0.009375 0.065625
2 0.81171875 0.403125 0.0125 0.0578125
2 0.796875 0.459375 0.0125 0.06484375
2 0.6671875 0.71953125 0.01953125 0.07109375
2 0.70078125 0.72578125 0.01328125 0.06484375
2 0.63359375 0.86171875 0.01640625 0.05625
2 0.65859375 0.78359375 0.01328125 0.04140625
2 0.7359375 0.60859375 0.01171875 0.0625
2 0.73125 0.6484375 0.01484375 0.059375
2 0.7375 0.7296875 0.01328125 0.078125
2 0.7375 0.67890625 0.01796875 0.059375
2 0.73125 0.675 0.003125 0.00234375
2 0.68203125 0.7359375 0.01015625 0.04921875
2 0.1875 0.36796875 0.01484375 0.06171875
2 0.21640625 0.37578125 0.02109375 0.07890625
2 0.01015625 0.2375 0.015625 0.053125
2 0.059375 0.665625 0.0203125 0.046875
2 0.040625 0.64375 0.01484375 0.0703125
2 0.11953125 0.10625 0.01171875 0.046875
2 0.16328125 0.11015625 0.01328125 0.0484375
2 0.12890625 0.03828125 0.01328125 0.04140625
2 0.23984375 0.35390625 0.01328125 0.06484375
2 0.25390625 0.384375 0.01015625 0.04921875
2 0.325 0.31875 0.009375 0.05859375
2 0.34296875 0.29140625 0.01015625 0.05546875
2 0.2375 0.040625 0.01796875 0.0390625
2 0.259375 0.3390625 0.0078125 0.03203125
2 0.25625 0.08125 0.01640625 0.04453125
2 0.35859375 0.23515625 0.01328125 0.06328125
2 0.37578125 0.22734375 0.01171875 0.0453125
2 0.26015625 0.06953125 0.009375 0.0453125
2 0.296875 0.334375 0.00859375 0.04375
2 0.40234375 0.17421875 0.01015625 0.0546875
2 0.41796875 0.0984375 0.00703125 0.04453125
2 0.4125 0.15625 0.009375 0.0484375
2 0.425 0.14609375 0.0109375 0.06015625
2 0.27265625 0.01953125 0.0078125 0.0390625
2 0.26484375 0.06015625 0.01328125 0.04609375