2 0.196875 0.4234375 0.00859375 0.034375
2 0.29453125 0.525 0.00859375 0.03671875
2 0.45390625 0.56171875 0.01171875 0.040625
2 0.28046875 0.40078125 0.009375 0.03515625
2 0.065625 0.378125 0.009375 0.028125
2 0.0296875 0.5125 0.009375 0.0234375
2 0.21640625 0.54765625 0.0078125 0.0359375
2 0.3578125 0.32890625 0.003125 0.01640625
2 0.4828125 0.3453125 0.0078125 0.02734375
2 0.51484375 0.34140625 0.00859375 0.02734375
2 0.52421875 0.33359375 0.00625 0.02578125
2 0.5890625 0.3578125 0.00625 0.034375
2 0.7953125 0.365625 0.00703125 0.03046875
2 0.79609375 0.296875 0.00703125 0.0296875
2 0.8046875 0.303125 0.00703125 0.028125
2 0.89921875 0.2640625 0.0078125 0.02578125
2 0.90546875 0.26328125 0.00703125 0.046875
2 0.98984375 0.73515625 0.00625 0.03046875
2 0.98203125 0.73359375 0.00703125 0.03671875
2 0.975 0.70546875 0.00859375 0.03359375
2 0.9640625 0.725 0.009375 0.04296875
2 0.93359375 0.7171875 0.009375 0.03515625
2 0.8921875 0.675 0.00703125 0.03984375
2 0.9390625 0.63125 0.00703125 0.04140625
2 0.91171875 0.60390625 0.0046875 0.040625
2 0.81875 0.67421875 0.01015625 0.04765625
2 0.778125 0.67109375 0.009375 0.04140625
2 0.75625 0.6578125 0.00625 0.03984375
2 0.734375 0.63125 0.009375 0.03125
2 0.73046875 0.653125 0.00625 0.034375
2 0.67890625 0.621875 0.00703125 0.03359375
2 0.66328125 0.596875 0.0078125 0.03515625
2 0.653125 0.640625 0.0078125 0.040625
2 0.63984375 0.61484375 0.00546875 0.03984375
2 0.61875 0.60625 0.00703125 0.03125
2 0.5765625 0.60859375 0.0078125 0.040625
2 0.5625 0.55 0.0078125 0.0375
2 0.553125 0.57265625 0.00703125 0.03671875
2 0.54375 0.559375 0.0078125 0.034375
2 0.53203125 0.55078125 0.00859375 0.025
2 0.5203125 0.55 0.01015625 0.0375