2 0.075 0.36875 0.01640625 0.06796875
2 0.10234375 0.04609375 0.0109375 0.04296875
2 0.11875 0.09375 0.01328125 0.04765625
2 0.12734375 0.05234375 0.0140625 0.04609375
2 0.153125 0.084375 0.01484375 0.04765625
2 0.1546875 0.14375 0.0125 0.04921875
2 0.03125 0.609375 0.01953125 0.0671875
2 0.05078125 0.71171875 0.0125 0.07109375
2 0.0703125 0.70078125 0.015625 0.06875
2 0.090625 0.5296875 0.01484375 0.0671875
2 0.11484375 0.62890625 0.01953125 0.06484375
2 0.10078125 0.5234375 0.0140625 0.0703125
2 0.20546875 0.3265625 0.0140625 0.04765625
2 0.190625 0.3640625 0.0171875 0.0609375
2 0.184375 0.50625 0.01328125 0.05390625
2 0.2234375 0.49453125 0.01328125 0.05859375
2 0.1953125 0.48046875 0.01640625 0.06875
2 0.23125 0.4140625 0.01875 0.06640625
2 0.2046875 0.41484375 0.01484375 0.05390625
2 0.24140625 0.35078125 0.0125 0.06640625
2 0.253125 0.39765625 0.0109375 0.059375
2 0.2640625 0.41796875 0.0109375 0.06328125
2 0.315625 0.05859375 0.009375 0.0453125
2 0.28359375 0.39765625 0.01171875 0.05703125
2 0.28359375 0.34296875 0.01171875 0.0453125
2 0.27265625 0.3546875 0.00078125 0.05546875
2 0.28828125 0.32734375 0.01328125 0.05390625
2 0.2578125 0.35703125 0.0078125 0.05
2 0.29765625 0.3125 0.0109375 0.0609375
2 0.30859375 0.36171875 0.0078125 0.0625
2 0.3203125 0.33984375 0.009375 0.06328125
2 0.32265625 0.2953125 0.009375 0.040625
2 0.31015625 0.26875 0.0125 0.05
2 0.3265625 0.2765625 0.01171875 0.053125
2 0.3484375 0.30390625 0.01171875 0.05
2 0.34609375 0.2703125 0.01171875 0.0328125
2 0.32734375 0.24765625 0.01171875 0.03984375
2 0.35859375 0.28203125 0.00859375 0.05546875
2 0.36953125 0.26953125 0.0109375 0.0625
2 0.38125 0.24765625 0.0109375 0.0609375
2 0.3703125 0.209375 0.01015625 0.03828125
2 0.3546875 0.23046875 0.00859375 0.0453125
2 0.3953125 0.225 0.0125 0.0609375
2 0.38203125 0.19765625 0.01015625 0.040625
2 0.39140625 0.184375 0.00859375 0.03046875
2 0.40234375 0.1828125 0.0078125 0.04453125
2 0.41015625 0.1515625 0.0078125 0.04609375
2 0.42109375 0.1765625 0.0125 0.0484375
2 0.3296875 0.12421875 0.009375 0.0265625
2 0.4265625 0.09765625 0.01015625 0.04921875
2 0.4375 0.1390625 0.00859375 0.0421875
2 0.3421875 0.24765625 0.01171875 0.04921875
2 0.32890625 0.1453125 0.0078125 0.015625
2 0.43515625 0.0578125 0.01015625 0.0359375
2 0.33515625 0.1453125 0.0109375 0.0328125
2 0.43828125 0.50234375 0.0171875 0.0640625
2 0.453125 0.03984375 0.0109375 0.04765625
2 0.48671875 0.0421875 0.01015625 0.0453125
0 0.37578125 0.034375 0.096875 0.065625
2 0.89140625 0.7375 0.02265625 0.0625
2 0.2734375 0.21953125 0.009375 0.0265625
2 0.871875 0.3875 0.009375 0.0390625
2 0.81015625 0.57890625 0.021875 0.06015625
2 0.7953125 0.528125 0.0125 0.06796875
2 0.759375 0.61484375 0.0125 0.08125
2 0.78671875 0.8 0.01171875 0.06953125
2 0.78125 0.7625 0.01328125 0.0703125
2 0.73671875 0.709375 0.01171875 0.06953125
2 0.72578125 0.740625 0.0109375 0.053125
2 0.984375 0.26484375 0.01015625 0.0546875
2 0.88984375 0.0625 0.009375 0.0484375
2 0.62890625 0.84453125 0.0140625 0.06953125
2 0.959375 0.10859375 0.00625 0.05
2 0.74765625 0.48984375 0.01171875 0.06015625
2 0.65625 0.65703125 0.01875 0.0578125
2 0.78125 0.496875 0.01015625 0.059375
2 0.77578125 0.51015625 0.01015625 0.065625
2 0.57734375 0.94296875 0.01328125 0.03125
2 0.5921875 0.89140625 0.0171875 0.040625
2 0.60546875 0.865625 0.0109375 0.034375
2 0.6125 0.84765625 0.01171875 0.0453125
2 0.70234375 0.73515625 0.0125 0.03671875
2 0.6671875 0.74453125 0.0125 0.05703125
2 0.65625 0.746875 0.00859375 0.0625
2 0.653125 0.81171875 0.02265625 0.05703125
2 0.66953125 0.68828125 0.015625 0.0625
2 0.68203125 0.659375 0.01171875 0.0671875
2 0.7 0.6890625 0.01796875 0.06796875
2 0.70703125 0.70234375 0.0140625 0.0390625
2 0.69609375 0.6328125 0.0171875 0.04296875
2 0.684375 0.61875 0.0078125 0.03125
2 0.709375 0.603125 0.0140625 0.06484375
2 0.71484375 0.6859375 0.0140625 0.04296875
2 0.7390625 0.6546875 0.0109375 0.03125
2 0.7421875 0.63515625 0.01796875 0.06484375
2 0.73359375 0.6125 0.0140625 0.075
2 0.75 0.59609375 0.0140625 0.0671875
2 0.734375 0.546875 0.009375 0.059375
2 0.7484375 0.56328125 0.01640625 0.059375
2 0.7546875 0.546875 0.0078125 0.059375
2 0.76328125 0.47109375 0.01328125 0.06484375
2 0.775 0.43203125 0.009375 0.053125
2 0.7671875 0.425 0.01015625 0.059375
2 0.77421875 0.3984375 0.0140625 0.05
1 0.72734375 0.40078125 0.0953125 0.1921875
1 0.4984375 0.90703125 0.1328125 0.18515625
1 0.83203125 0.11015625 0.034375 0.08359375