2 0.25 0.22890625 0.00859375 0.02890625
2 0.178125 0.26875 0.01015625 0.028125
2 0.303125 0.5296875 0.009375 0.0375
2 0.51640625 0.3375 0.0078125 0.028125
2 0.4515625 0.559375 0.01171875 0.04453125
2 0.51796875 0.59453125 0.009375 0.03828125
2 0.5203125 0.55234375 0.00859375 0.040625
2 0.540625 0.546875 0.00625 0.0359375
2 0.534375 0.5421875 0.00625 0.025
2 0.51953125 0.396875 0.00625 0.02578125
2 0.553125 0.5734375 0.00859375 0.0359375
2 0.2140625 0.42734375 0.0078125 0.0390625
2 0.190625 0.5375 0.01171875 0.034375
2 0.11640625 0.346875 0.00625 0.0296875
2 0.0921875 0.3390625 0.0078125 0.03125
2 0.2546875 0.32265625 0.00625 0.02734375
2 0.309375 0.33359375 0.0078125 0.03359375
2 0.61796875 0.4359375 0.00625 0.0375
2 0.61171875 0.44375 0.00703125 0.034375
2 0.57421875 0.60703125 0.009375 0.0421875
2 0.57890625 0.584375 0.0078125 0.03828125
2 0.59765625 0.609375 0.00859375 0.03671875
2 0.62578125 0.6234375 0.00625 0.0375
2 0.6640625 0.59375 0.00703125 0.04296875
2 0.66640625 0.64765625 0.009375 0.03359375
2 0.6796875 0.62109375 0.00859375 0.03203125
2 0.7296875 0.65 0.00703125 0.034375
2 0.75546875 0.66015625 0.00859375 0.03984375
2 0.77890625 0.67109375 0.01015625 0.04453125
2 0.81953125 0.67578125 0.01015625 0.04765625
2 0.79609375 0.29765625 0.00546875 0.03359375
2 0.8078125 0.3046875 0.00703125 0.0265625
2 0.97578125 0.675 0.01015625 0.03828125
2 0.96796875 0.72265625 0.0125 0.03984375
2 0.9890625 0.49140625 0.01015625 0.03671875
2 0.940625 0.3875 0.00703125 0.0328125
2 0.93984375 0.31484375 0.009375 0.03359375
2 0.93046875 0.328125 0.00859375 0.028125
2 0.99140625 0.1421875 0.009375 0.02265625
2 0.88671875 0.22421875 0.0078125 0.028125