2 0.109375 0.04765625 0.01015625 0.053125
2 0.14375 0.0359375 0.0109375 0.04140625
2 0.15859375 0.16796875 0.0109375 0.0578125
2 0.2359375 0.0828125 0.0140625 0.05625
2 0.3171875 0.03828125 0.0125 0.05234375
2 0.44296875 0.09765625 0.0109375 0.05234375
2 0.43359375 0.05390625 0.0125 0.05546875
2 0.028125 0.18828125 0.0125 0.0578125
2 0.01484375 0.34375 0.01171875 0.06171875
2 0.0421875 0.22578125 0.0125 0.05703125
2 0.05703125 0.225 0.01015625 0.06015625
2 0.06171875 0.25625 0.0109375 0.04921875
2 0.07578125 0.2921875 0.01640625 0.06484375
2 0.05859375 0.5875 0.01484375 0.06953125
2 0.15859375 0.53828125 0.0140625 0.0609375
2 0.16796875 0.50859375 0.0140625 0.06328125
2 0.190625 0.4609375 0.015625 0.0640625
2 0.2046875 0.38125 0.01171875 0.0671875
2 0.23125 0.48125 0.01484375 0.06171875
2 0.22890625 0.4265625 0.0125 0.0546875
2 0.2515625 0.44140625 0.01328125 0.0625
2 0.23203125 0.346875 0.01171875 0.06328125
2 0.26484375 0.9453125 0.02109375 0.0765625
2 0.153125 0.896875 0.0171875 0.07890625
2 0.11796875 0.915625 0.0171875 0.078125
2 0.0421875 0.87890625 0.0171875 0.071875
2 0.065625 0.9265625 0.015625 0.06953125
2 0.059375 0.89453125 0.02109375 0.0703125
2 0.12421875 0.78828125 0.0125 0.071875
2 0.12109375 0.73671875 0.015625 0.059375
2 0.33359375 0.95 0.021875 0.071875
2 0.3921875 0.97421875 0.01875 0.0515625
2 0.265625 0.36953125 0.009375 0.05625
2 0.27890625 0.35703125 0.00859375 0.05625
2 0.2921875 0.3859375 0.0125 0.059375
2 0.28359375 0.34140625 0.0125 0.053125
2 0.30625 0.35234375 0.0125 0.0625
2 0.3109375 0.31328125 0.009375 0.05390625
2 0.325 0.325 0.0125 0.053125
2 0.31875 0.29375 0.009375 0.059375
2 0.34609375 0.3078125 0.009375 0.05625
2 0.32578125 0.26015625 0.0078125 0.059375
2 0.33671875 0.25234375 0.01015625 0.04609375
2 0.36328125 0.27109375 0.0140625 0.05859375
2 0.340625 0.23359375 0.01015625 0.0546875
2 0.35078125 0.2390625 0.0109375 0.05546875
2 0.3703125 0.215625 0.009375 0.0578125
2 0.3859375 0.23515625 0.01015625 0.05390625
2 0.38359375 0.19765625 0.0125 0.04375
2 0.396875 0.203125 0.01171875 0.05
2 0.40859375 0.16953125 0.01171875 0.05546875
2 0.29375 0.18828125 0.00703125 0.02578125
2 0.3359375 0.14296875 0.009375 0.03828125
2 0.39375 0.17890625 0.01015625 0.034375
0 0.25703125 0.196875 0.15625 0.2609375
2 0.88671875 0.78671875 0.0125 0.0828125
2 0.896875 0.7953125 0.015625 0.07421875
2 0.9484375 0.81640625 0.01796875 0.08125
2 0.99375 0.57734375 0.0109375 0.071875
2 0.95859375 0.55078125 0.01640625 0.0765625
2 0.9234375 0.5484375 0.01640625 0.059375
1 0.83203125 0.0984375 0.0359375 0.09296875
0 0.765625 0.28359375 0.078125 0.1546875
2 0.875 0.47890625 0.0140625 0.065625
2 0.81875 0.640625 0.01640625 0.06484375
2 0.7875 0.62109375 0.0171875 0.0765625
2 0.8109375 0.53203125 0.0109375 0.06796875
2 0.64453125 0.68828125 0.0140625 0.0765625
2 0.7109375 0.64765625 0.01953125 0.0765625
2 0.7015625 0.70078125 0.01875 0.07421875
2 0.7296875 0.6796875 0.021875 0.0671875
2 0.72578125 0.74375 0.01640625 0.06171875
2 0.75078125 0.75546875 0.01796875 0.05
2 0.56796875 0.971875 0.0140625 0.05625
2 0.58046875 0.92421875 0.01640625 0.0671875
2 0.59453125 0.88203125 0.01953125 0.05859375
2 0.625 0.8359375 0.01328125 0.0703125
2 0.640625 0.80625 0.0140625 0.08828125
2 0.57109375 0.8578125 0.0171875 0.07109375
0 0.59609375 0.66171875 0.1546875 0.37265625
2 0.75 0.590625 0.01484375 0.06640625
2 0.753125 0.54453125 0.0109375 0.05625
2 0.7703125 0.55859375 0.01171875 0.06953125
2 0.7578125 0.57109375 0.0109375 0.06875
2 0.79609375 0.428125 0.01171875 0.06328125
2 0.7890625 0.4390625 0.0109375 0.05703125
2 0.78203125 0.48359375 0.0125 0.0734375
2 0.76328125 0.50546875 0.0078125 0.0359375
2 0.76875 0.50234375 0.00859375 0.04921875