2 0.80703125 0.3578125 0.01171875 0.05859375
2 0.75703125 0.359375 0.01484375 0.053125
2 0.90078125 0.55 0.01484375 0.06328125
2 0.9046875 0.509375 0.01484375 0.04921875
2 0.759375 0.40625 0.00859375 0.06171875
2 0.75078125 0.415625 0.009375 0.0640625
2 0.72890625 0.3859375 0.009375 0.065625
2 0.734375 0.371875 0.01015625 0.05859375
2 0.921875 0.1 0.0078125 0.04453125
2 0.89375 0.05859375 0.0109375 0.04609375
2 0.83515625 0.0859375 0.01171875 0.0453125
2 0.9046875 0.1109375 0.01328125 0.04609375
2 0.88046875 0.22890625 0.0140625 0.053125
2 0.88046875 0.19453125 0.01015625 0.04296875
2 0.89140625 0.19609375 0.0109375 0.05859375
2 0.9484375 0.18203125 0.00859375 0.05078125
2 0.95859375 0.18203125 0.00703125 0.04296875
2 0.95546875 0.1890625 0.01015625 0.05390625
2 0.865625 0.01953125 0.0109375 0.03359375
2 0.76171875 0.04609375 0.01015625 0.03125
2 0.74375 0.078125 0.0109375 0.04140625
2 0.55625 0.13046875 0.00859375 0.05078125
2 0.55390625 0.034375 0.01015625 0.05078125
2 0.52890625 0.0734375 0.01015625 0.0484375
2 0.59296875 0.0671875 0.00703125 0.04375
2 0.69375 0.040625 0.0078125 0.04609375
2 0.69609375 0.09765625 0.00859375 0.04375
2 0.66328125 0.09609375 0.0109375 0.04375
2 0.7171875 0.03671875 0.0109375 0.04375
2 0.72265625 0.0609375 0.009375 0.0515625
2 0.59609375 0.0859375 0.0109375 0.025
2 0.5796875 0.13125 0.01015625 0.04453125
2 0.5875 0.14453125 0.0109375 0.046875
2 0.60859375 0.1984375 0.00703125 0.040625
2 0.62421875 0.259375 0.01171875 0.053125
2 0.63515625 0.27890625 0.009375 0.05078125
2 0.646875 0.284375 0.0109375 0.06171875
2 0.6703125 0.25625 0.0109375 0.05078125
2 0.63359375 0.2234375 0.00703125 0.04453125
2 0.64453125 0.23203125 0.00703125 0.04140625
2 0.66015625 0.23203125 0.0078125 0.04140625
2 0.69375 0.2609375 0.0078125 0.04375
2 0.696875 0.30234375 0.01171875 0.0359375
2 0.70625 0.3265625 0.01796875 0.02421875
2 0.7234375 0.33984375 0.01171875 0.04296875
2 0.7203125 0.21875 0.0078125 0.0359375
2 0.66953125 0.15078125 0.00703125 0.0234375
2 0.70703125 0.30546875 0.00859375 0.03046875
2 0.678125 0.27109375 0.01171875 0.05703125
1 0.690625 0.39453125 0.08671875 0.165625
2 0.0078125 0.35703125 0.01015625 0.0453125
2 0.00859375 0.42109375 0.01484375 0.05390625
2 0.02578125 0.72109375 0.01328125 0.0640625
2 0.07421875 0.6609375 0.0140625 0.07421875
2 0.11875 0.75 0.0109375 0.07421875
2 0.44375 0.88046875 0.0171875 0.07890625
2 0.421875 0.89375 0.0125 0.0734375
2 0.409375 0.90859375 0.0140625 0.0625
2 0.4 0.88203125 0.01015625 0.05703125
2 0.28203125 0.74140625 0.0140625 0.04140625
2 0.2328125 0.76171875 0.01171875 0.04765625
2 0.4375 0.9828125 0.0125 0.03046875
2 0.18125 0.70859375 0.01328125 0.0671875
2 0.21328125 0.6421875 0.01171875 0.07109375
2 0.19765625 0.6734375 0.01328125 0.07109375
2 0.2234375 0.56171875 0.01484375 0.05546875
2 0.2671875 0.56796875 0.0109375 0.0609375
2 0.20390625 0.40859375 0.00625 0.0390625
2 0.215625 0.4796875 0.0109375 0.06015625
2 0.209375 0.4421875 0.009375 0.0390625
2 0.21640625 0.45390625 0.01171875 0.0421875
2 0.2875 0.6984375 0.0125 0.03984375
2 0.28203125 0.63125 0.01015625 0.0578125
2 0.2484375 0.64453125 0.0109375 0.0640625
2 0.40234375 0.80078125 0.0125 0.0671875
2 0.4015625 0.74765625 0.01484375 0.0453125
2 0.38359375 0.765625 0.0125 0.053125
2 0.3890625 0.71875 0.0109375 0.03203125
2 0.37109375 0.7296875 0.01484375 0.065625
2 0.35 0.76328125 0.0140625 0.0765625
2 0.30859375 0.62421875 0.01015625 0.06875
2 0.34765625 0.6328125 0.01015625 0.05078125
2 0.33359375 0.62734375 0.009375 0.0609375
2 0.359375 0.6984375 0.0125 0.040625
2 0.33515625 0.709375 0.0125 0.0484375
2 0.3328125 0.7546875 0.01484375 0.0609375
2 0.3484375 0.67890625 0.0125 0.0453125
2 0.33828125 0.6625 0.0171875 0.03984375
2 0.31875 0.5390625 0.0078125 0.0515625
2 0.30703125 0.52578125 0.00859375 0.03359375
2 0.3125 0.57421875 0.0109375 0.040625
2 0.2921875 0.55390625 0.0140625 0.06484375
2 0.3390625 0.60390625 0.0125 0.0375
2 0.9734375 0.20703125 0.0125 0.0484375
2 0.978125 0.2046875 0.0078125 0.0515625
0 0.3640625 0.528125 0.1328125 0.3125