0 0.46484375 0.88671875 0.1609375 0.2265625
1 0.55703125 0.05703125 0.08359375 0.1109375
1 0.29140625 0.42421875 0.11015625 0.18828125
2 0.01015625 0.31640625 0.01796875 0.04765625
2 0.21484375 0.3203125 0.01328125 0.05
2 0.228125 0.40703125 0.0171875 0.06953125
2 0.43046875 0.09921875 0.01015625 0.05546875
2 0.08125 0.13046875 0.009375 0.0484375
2 0.33046875 0.253125 0.009375 0.0578125
2 0.309375 0.26640625 0.00859375 0.05546875
2 0.25078125 0.0828125 0.01328125 0.0453125
2 0.24453125 0.07578125 0.01015625 0.05234375
2 0.27890625 0.31015625 0.0015625 0.03203125
2 0.9640625 0.4703125 0.01640625 0.06171875
2 0.87578125 0.53515625 0.0171875 0.06328125
2 0.853125 0.56796875 0.0140625 0.071875
2 0.7796875 0.72890625 0.02265625 0.071875
2 0.78046875 0.65078125 0.0125 0.06796875
2 0.75390625 0.56171875 0.01484375 0.06484375
2 0.72734375 0.64453125 0.01640625 0.06953125
2 0.5875 0.90546875 0.0171875 0.06796875