1 0.840625 0.084375 0.05 0.09453125
2 0.80234375 0.11484375 0.0140625 0.06328125
2 0.96875 0.33046875 0.01328125 0.06484375
2 0.96328125 0.47578125 0.01484375 0.07265625
2 0.984375 0.609375 0.015625 0.06953125
2 0.84453125 0.909375 0.01953125 0.08359375
2 0.78203125 0.3515625 0.0140625 0.06796875
2 0.821875 0.36328125 0.01171875 0.05625
2 0.79765625 0.36171875 0.01171875 0.0515625
2 0.82109375 0.39609375 0.01484375 0.053125
2 0.79765625 0.41015625 0.0125 0.0609375
2 0.8390625 0.58125 0.01171875 0.06640625
2 0.809375 0.53203125 0.01171875 0.0625
2 0.71875 0.5609375 0.0203125 0.06640625
2 0.796875 0.68046875 0.01796875 0.06796875
2 0.76796875 0.6515625 0.01484375 0.078125
2 0.7375 0.67734375 0.0125 0.0765625
2 0.7140625 0.65859375 0.0109375 0.07734375
2 0.69765625 0.71953125 0.0125 0.075
0 0.478125 0.86328125 0.16171875 0.27265625
2 0.565625 0.88515625 0.0171875 0.08828125
2 0.5765625 0.95 0.015625 0.05234375
2 0.615625 0.96171875 0.0171875 0.0703125
2 0.62421875 0.8953125 0.0203125 0.0671875
2 0.6328125 0.84140625 0.0125 0.0609375
2 0.64609375 0.809375 0.0125 0.07578125
2 0.63828125 0.77421875 0.0109375 0.0625
2 0.790625 0.44375 0.009375 0.05703125
2 0.7828125 0.48671875 0.01171875 0.0671875
2 0.74921875 0.559375 0.0125 0.06640625
2 0.7625 0.546875 0.01640625 0.071875
2 0.76875 0.5171875 0.01015625 0.0484375
2 0.7765625 0.4984375 0.00859375 0.059375
2 0.09453125 0.63203125 0.01953125 0.075
2 0.09453125 0.51875 0.01171875 0.065625
2 0.15859375 0.51796875 0.01640625 0.06796875
2 0.03828125 0.29921875 0.0109375 0.05625
2 0.046875 0.18359375 0.0125 0.05703125
2 0.0765625 0.2359375 0.0109375 0.05703125
2 0.0890625 0.22890625 0.01171875 0.059375
2 0.13125 0.1703125 0.0125 0.05
2 0.14140625 0.171875 0.0140625 0.046875
2 0.0390625 0.1078125 0.01640625 0.04921875
2 0.09765625 0.03984375 0.009375 0.0421875
2 0.1390625 0.025 0.01015625 0.04765625
2 0.2 0.1390625 0.01484375 0.0484375
2 0.19921875 0.02265625 0.00859375 0.04453125
2 0.23125 0.0171875 0.00859375 0.0328125
2 0.24296875 0.0578125 0.0140625 0.05234375
2 0.19140625 0.409375 0.01484375 0.0640625
2 0.184375 0.3703125 0.0109375 0.03203125
2 0.2046875 0.4796875 0.0140625 0.06484375
2 0.2203125 0.478125 0.0140625 0.0625
2 0.21484375 0.384375 0.01328125 0.06796875
2 0.21328125 0.34375 0.0125 0.04296875
2 0.246875 0.44453125 0.01796875 0.0625
2 0.24296875 0.3859375 0.009375 0.04921875
2 0.23125 0.3515625 0.009375 0.05
2 0.47109375 0.0140625 0.01015625 0.028125
2 0.41875 0.071875 0.00859375 0.04609375
2 0.4453125 0.0734375 0.0125 0.05390625
2 0.42109375 0.13984375 0.01015625 0.05078125
2 0.40625 0.1796875 0.009375 0.04765625
2 0.265625 0.371875 0.01171875 0.06015625
2 0.27890625 0.35859375 0.01171875 0.05234375
2 0.29140625 0.38515625 0.01484375 0.05390625
2 0.28359375 0.33984375 0.01328125 0.05390625
2 0.31015625 0.3546875 0.01171875 0.0578125
2 0.303125 0.31640625 0.00859375 0.05234375
2 0.3234375 0.32421875 0.0109375 0.05703125
2 0.340625 0.31171875 0.01015625 0.059375
2 0.359375 0.271875 0.009375 0.0578125
2 0.33828125 0.253125 0.0109375 0.0453125
2 0.33515625 0.225 0.0078125 0.03125
2 0.3703125 0.221875 0.00859375 0.05546875
2 0.36328125 0.19765625 0.00703125 0.04140625
2 0.24375 0.25 0.009375 0.0171875
2 0.25390625 0.23671875 0.00625 0.0234375
2 0.26640625 0.22265625 0.0078125 0.03125
2 0.2765625 0.22109375 0.00703125 0.03203125
2 0.284375 0.20390625 0.0046875 0.01015625
2 0.33515625 0.14609375 0.00703125 0.03671875
2 0.34140625 0.1265625 0.00703125 0.01875
2 0.3484375 0.11953125 0.00703125 0.021875
2 0.35546875 0.1125 0.0046875 0.0140625
0 0.08984375 0.4125 0.175 0.30859375