2 0.16171875 0.55 0.0171875 0.06015625
2 0.14609375 0.19609375 0.0078125 0.05234375
2 0.13828125 0.203125 0.0125 0.05703125
2 0.43828125 0.15859375 0.00859375 0.04921875
2 0.4296875 0.15625 0.01015625 0.05703125
2 0.32421875 0.26796875 0.0109375 0.06015625
2 0.95625 0.55546875 0.0171875 0.07421875
2 0.9859375 0.375 0.01328125 0.06796875
2 0.97421875 0.375 0.01328125 0.05859375
2 0.96640625 0.36484375 0.01484375 0.06640625
2 0.79609375 0.63203125 0.0140625 0.06953125
0 0.025 0.88828125 0.05 0.20859375
0 0.4609375 0.8984375 0.16640625 0.19765625
0 0.37421875 0.30390625 0.15 0.240625
2 0.80078125 0.60078125 0.01328125 0.04609375
2 0.8296875 0.51171875 0.0125 0.03671875
2 0.76875 0.5703125 0.0125 0.06015625
2 0.7671875 0.51015625 0.01328125 0.06171875
2 0.33671875 0.24921875 0.009375 0.04375
2 0.3015625 0.178125 0.00859375 0.028125
2 0.3609375 0.1734375 0.00625 0.034375