2 0.3734375 0.821875 0.01640625 0.06640625
2 0.11796875 0.5578125 0.0171875 0.07578125
2 0.115625 0.51015625 0.01875 0.05078125
2 0.221875 0.58984375 0.01796875 0.07109375
2 0.2140625 0.4828125 0.015625 0.06484375
2 0.2515625 0.59375 0.015625 0.07265625
2 0.21328125 0.29375 0.01484375 0.04765625
2 0.1421875 0.07109375 0.0109375 0.05234375
1 0.24296875 0.2734375 0.0703125 0.1546875
0 0.50546875 0.8625 0.178125 0.275
2 0.475 0.04140625 0.009375 0.0328125
1 0.44140625 0.04140625 0.0671875 0.0828125
1 0.4890625 0.11484375 0.0859375 0.1484375
2 0.9046875 0.5265625 0.0109375 0.06953125
2 0.81171875 0.36875 0.0078125 0.06328125
2 0.6796875 0.259375 0.009375 0.04609375
2 0.625 0.20234375 0.0078125 0.0546875
2 0.60859375 0.2046875 0.0109375 0.034375
2 0.92265625 0.36484375 0.015625 0.059375
2 0.9796875 0.3171875 0.0140625 0.053125
2 0.59296875 0.16328125 0.009375 0.0484375
2 0.5734375 0.14609375 0.01015625 0.0484375
2 0.55 0.075 0.01015625 0.05234375
2 0.56328125 0.059375 0.01015625 0.0453125
2 0.63671875 0.184375 0.00625 0.05234375
2 0.79375 0.034375 0.009375 0.0453125
2 0.97109375 0.1109375 0.01640625 0.06015625
2 0.91484375 0.225 0.01640625 0.0546875
2 0.9109375 0.15859375 0.01328125 0.05078125
2 0.97734375 0.07265625 0.0109375 0.03671875
2 0.8828125 0.17578125 0.01640625 0.04609375
2 0.865625 0.13828125 0.01171875 0.0453125
2 0.8515625 0.17109375 0.01640625 0.04765625
2 0.865625 0.17734375 0.01015625 0.04375
2 0.859375 0.203125 0.0109375 0.05234375
0 0.625 0.328125 0.15078125 0.2421875