1 0.70703125 0.525 0.0953125 0.20703125
0 0.47890625 0.8796875 0.15859375 0.240625
1 0.5234375 0.1125 0.07265625 0.1265625
1 0.3078125 0.42265625 0.10390625 0.21875
1 0.18515625 0.61875 0.11171875 0.2375
0 0.27109375 0.17890625 0.16953125 0.221875
2 0.01640625 0.3671875 0.01171875 0.053125
2 0.03671875 0.1921875 0.0125 0.04921875
2 0.03984375 0.15859375 0.01484375 0.04609375
2 0.05234375 0.2375 0.0140625 0.0640625
2 0.09453125 0.284375 0.01171875 0.0625
2 0.065625 0.1359375 0.009375 0.053125
2 0.16328125 0.30625 0.0140625 0.05546875
2 0.159375 0.065625 0.0140625 0.0484375
2 0.2125 0.053125 0.00859375 0.04296875
2 0.11171875 0.12421875 0.01171875 0.0453125
2 0.1984375 0.08984375 0.0125 0.0546875
2 0.2109375 0.42890625 0.0109375 0.0640625
2 0.19140625 0.4046875 0.01484375 0.0578125
2 0.0859375 0.10078125 0.01015625 0.04296875
2 0.08984375 0.52734375 0.015625 0.0671875
2 0.08828125 0.61328125 0.01328125 0.0703125
2 0.08125 0.60234375 0.01484375 0.07890625
2 0.0890625 0.096875 0.009375 0.04921875
2 0.22890625 0.434375 0.01640625 0.059375
2 0.50703125 0.053125 0.01015625 0.0484375
2 0.49921875 0.071875 0.0125 0.03671875
2 0.46953125 0.08203125 0.01328125 0.05546875
2 0.45078125 0.06171875 0.0078125 0.04296875
2 0.4375 0.07890625 0.00859375 0.04453125
2 0.425 0.103125 0.01015625 0.04140625
2 0.4203125 0.1859375 0.0125 0.05625
2 0.3953125 0.1859375 0.00859375 0.0453125
2 0.38046875 0.23046875 0.0125 0.053125
2 0.18515625 0.346875 0.01328125 0.0609375
2 0.2171875 0.3859375 0.00859375 0.06875
2 0.21015625 0.32578125 0.01171875 0.0546875
2 0.18046875 0.49765625 0.0140625 0.07265625
2 0.3640625 0.26171875 0.0125 0.05625
2 0.240625 0.340625 0.0125 0.0515625
2 0.2703125 0.3640625 0.00859375 0.02890625
2 0.27734375 0.34296875 0.00859375 0.0546875
2 0.2875 0.33125 0.0078125 0.0328125
2 0.32421875 0.26875 0.01015625 0.05234375
2 0.33828125 0.2359375 0.01171875 0.04765625
2 0.2984375 0.30546875 0.01015625 0.025
2 0.94296875 0.46796875 0.0140625 0.06875
2 0.653125 0.771875 0.0125 0.0640625
2 0.62890625 0.79609375 0.0125 0.065625
2 0.80078125 0.41015625 0.00625 0.05859375
2 0.753125 0.74609375 0.01015625 0.0625
2 0.73515625 0.69765625 0.0109375 0.07265625
2 0.7125 0.7375 0.01640625 0.04609375
2 0.70390625 0.7234375 0.01484375 0.0625
2 0.79453125 0.4390625 0.00859375 0.05859375
2 0.7875 0.4546875 0.01015625 0.04921875
2 0.78203125 0.4765625 0.00703125 0.05859375
2 0.7765625 0.49765625 0.00859375 0.0609375
2 0.76953125 0.5390625 0.00859375 0.06171875
2 0.75390625 0.6390625 0.0109375 0.065625
2 0.74375 0.646875 0.01015625 0.0578125
2 0.71171875 0.690625 0.01015625 0.05078125
2 0.72578125 0.67265625 0.0109375 0.065625
2 0.7375 0.6609375 0.01171875 0.04609375
2 0.74921875 0.61796875 0.0078125 0.0453125
2 0.7640625 0.5828125 0.01015625 0.05234375
2 0.2296875 0.38046875 0.0109375 0.04453125