0 0.4640625 0.7734375 0.165625 0.39609375
2 0.3765625 0.8109375 0.01796875 0.065625
2 0.21640625 0.475 0.01640625 0.06796875
2 0.20703125 0.634375 0.0109375 0.06953125
2 0.21953125 0.61953125 0.021875 0.07265625
2 0.66796875 0.01640625 0.0078125 0.03203125
2 0.5890625 0.184375 0.0109375 0.0578125
2 0.77890625 0.16328125 0.009375 0.0484375
2 0.71953125 0.371875 0.009375 0.06328125
2 0.65546875 0.25234375 0.009375 0.053125
2 0.63671875 0.23359375 0.0125 0.053125
2 0.671875 0.24453125 0.009375 0.04296875
2 0.6671875 0.23125 0.01015625 0.05234375
2 0.8359375 0.078125 0.0140625 0.059375
2 0.83125 0.0796875 0.00859375 0.053125