2 0.23046875 0.0234375 0.01015625 0.046875
2 0.24140625 0.10234375 0.01015625 0.0515625
2 0.2515625 0.09609375 0.01171875 0.05078125
2 0.20859375 0.05234375 0.01015625 0.0390625
2 0.1890625 0.13828125 0.01328125 0.0421875
2 0.125 0.1265625 0.01171875 0.05859375
2 0.059375 0.23359375 0.0109375 0.05234375
2 0.0328125 0.23359375 0.0125 0.05859375
2 0.43125 0.13125 0.0109375 0.05078125
2 0.40078125 0.178125 0.01171875 0.05703125
2 0.4125 0.1984375 0.01328125 0.06328125
2 0.3796875 0.22421875 0.0109375 0.05703125
2 0.371875 0.20859375 0.0125 0.0578125
2 0.36484375 0.25859375 0.0140625 0.06484375
2 0.34921875 0.2375 0.01015625 0.05546875
2 0.3375 0.25546875 0.01015625 0.05390625
2 0.32734375 0.2734375 0.01328125 0.06015625
2 0.3296875 0.2421875 0.00859375 0.04453125
2 0.30390625 0.30703125 0.01484375 0.0625
2 0.28984375 0.33515625 0.015625 0.0578125
2 0.2765625 0.35859375 0.01484375 0.0515625
2 0.27265625 0.37265625 0.0125 0.05546875
2 0.27421875 0.42890625 0.01875 0.05703125
2 0.2484375 0.4203125 0.0140625 0.04140625
2 0.2125 0.4328125 0.0125 0.0484375
2 0.1875 0.40859375 0.0109375 0.06875
2 0.19140625 0.32890625 0.01328125 0.06015625
2 0.1984375 0.31796875 0.01328125 0.059375
2 0.18125 0.371875 0.01171875 0.03046875
0 0.25625 0.19296875 0.16171875 0.2609375
0 0.18046875 0.60390625 0.20546875 0.33984375
0 0.48828125 0.859375 0.203125 0.27421875
0 0.61484375 0.55625 0.140625 0.33671875
2 0.909375 0.3140625 0.0140625 0.05859375
2 0.88671875 0.32734375 0.015625 0.06875
2 0.81953125 0.65 0.0140625 0.07734375
2 0.79453125 0.6015625 0.015625 0.06875
2 0.79453125 0.4796875 0.01015625 0.0640625
2 0.77578125 0.44765625 0.0109375 0.0390625
2 0.78046875 0.475 0.0140625 0.0671875
2 0.771875 0.496875 0.0109375 0.06171875
2 0.76640625 0.4921875 0.01171875 0.0453125
2 0.76328125 0.521875 0.015625 0.071875
2 0.7546875 0.52421875 0.01484375 0.0515625
2 0.75234375 0.53359375 0.0109375 0.0515625
2 0.75546875 0.56875 0.0109375 0.0703125
2 0.7453125 0.575 0.01015625 0.06953125
2 0.73046875 0.58828125 0.01171875 0.0375
2 0.73828125 0.590625 0.00859375 0.04375
2 0.784375 0.71875 0.0171875 0.07578125
2 0.7703125 0.6921875 0.0125 0.075
2 0.75859375 0.671875 0.0140625 0.07578125
2 0.73359375 0.73671875 0.015625 0.071875
2 0.6703125 0.74140625 0.0140625 0.05078125
2 0.6890625 0.7390625 0.01171875 0.0390625
2 0.70390625 0.728125 0.0140625 0.06484375
2 0.67890625 0.72265625 0.01171875 0.05859375
2 0.6828125 0.70625 0.01015625 0.05859375
2 0.6953125 0.6890625 0.01171875 0.07109375
2 0.70859375 0.690625 0.0109375 0.06171875
2 0.7140625 0.6796875 0.00859375 0.0765625
2 0.7171875 0.65078125 0.009375 0.05078125
2 0.73828125 0.659375 0.01484375 0.07421875
2 0.73125 0.64609375 0.0140625 0.06484375
2 0.73515625 0.61640625 0.01328125 0.02578125
2 0.3484375 0.12421875 0.01015625 0.028125
2 0.28515625 0.21328125 0.0109375 0.0640625