0 0.03125 0.61640625 0.0625 0.09375
2 0.08125 0.39921875 0.00859375 0.02890625
2 0.1671875 0.54609375 0.01328125 0.0296875
2 0.0609375 0.5171875 0.00859375 0.03203125
2 0.175 0.3609375 0.0078125 0.03046875
2 0.2078125 0.38359375 0.0078125 0.03359375
2 0.209375 0.55 0.00859375 0.0421875
2 0.29453125 0.52109375 0.00703125 0.03203125
2 0.3125 0.559375 0.00859375 0.04140625
2 0.31953125 0.55546875 0.00859375 0.03828125
2 0.353125 0.55703125 0.009375 0.025
0 0.42421875 0.621875 0.16484375 0.109375
2 0.53125 0.58125 0.009375 0.0390625
2 0.603125 0.45546875 0.0078125 0.0328125
2 0.61171875 0.44296875 0.009375 0.03203125
2 0.65078125 0.49296875 0.00703125 0.0328125
2 0.56484375 0.58125 0.0078125 0.03984375
2 0.58984375 0.6203125 0.01171875 0.04140625
2 0.62265625 0.603125 0.01015625 0.03203125
2 0.6515625 0.61171875 0.009375 0.0375
2 0.66328125 0.5921875 0.01015625 0.040625
2 0.77734375 0.31640625 0.00625 0.028125
2 0.7640625 0.31875 0.0078125 0.025
2 0.75859375 0.32109375 0.00859375 0.02734375
2 0.7515625 0.39453125 0.00546875 0.03203125
2 0.76640625 0.41796875 0.00859375 0.034375
2 0.775 0.4296875 0.0078125 0.03046875
2 0.84609375 0.4 0.009375 0.03671875
2 0.8859375 0.309375 0.00625 0.02890625
2 0.91796875 0.3265625 0.00625 0.02890625
2 0.95078125 0.31328125 0.0078125 0.0375
2 0.95703125 0.29453125 0.00546875 0.02890625
2 0.9640625 0.28984375 0.00546875 0.0265625
2 0.9640625 0.3140625 0.00703125 0.03046875
2 0.96328125 0.1953125 0.00703125 0.0265625
2 0.97734375 0.1796875 0.00625 0.02421875
2 0.98125 0.184375 0.00859375 0.03125
2 0.97890625 0.1265625 0.00546875 0.02421875
2 0.90390625 0.4640625 0.0078125 0.034375
2 0.89140625 0.646875 0.01015625 0.03671875
2 0.9796875 0.66796875 0.0109375 0.03359375
2 0.98828125 0.7390625 0.01015625 0.04140625
2 0.99453125 0.7390625 0.009375 0.04375
2 0.92265625 0.69609375 0.0078125 0.0328125
2 0.9171875 0.7015625 0.0078125 0.0328125
2 0.8625 0.65859375 0.01015625 0.03359375
2 0.87890625 0.6859375 0.0109375 0.034375
2 0.74765625 0.58828125 0.00859375 0.0359375
2 0.73671875 0.6375 0.00859375 0.03359375
2 0.75078125 0.62890625 0.0078125 0.0328125
2 0.76640625 0.63203125 0.01015625 0.03046875
2 0.775 0.659375 0.01015625 0.03203125
2 0.75703125 0.6609375 0.00625 0.02265625
2 0.7421875 0.6515625 0.00703125 0.03203125
0 0.77265625 0.7328125 0.17109375 0.14140625