0 0.23828125 0.096875 0.0734375 0.13671875
0 0.27734375 0.3734375 0.09375 0.2046875
0 0.51171875 0.8578125 0.1859375 0.284375
2 0.41171875 0.87890625 0.02109375 0.07421875
2 0.3921875 0.84140625 0.01640625 0.08515625
2 0.36484375 0.84765625 0.01796875 0.06015625
2 0.30625 0.709375 0.0203125 0.1
2 0.25859375 0.66015625 0.0171875 0.0734375
2 0.20625 0.5703125 0.0140625 0.07109375
2 0.215625 0.51171875 0.01484375 0.0625
2 0.17890625 0.36015625 0.01875 0.06875
1 0.16015625 0.07734375 0.05 0.0859375
2 0.946875 0.12265625 0.01328125 0.05703125
2 0.95625 0.23125 0.0140625 0.05390625
2 0.9328125 0.2 0.01484375 0.05
2 0.9109375 0.2875 0.0109375 0.04453125
2 0.8171875 0.096875 0.0171875 0.0578125
2 0.91328125 0.0765625 0.01640625 0.05234375
2 0.9 0.0453125 0.0109375 0.05
2 0.81484375 0.021875 0.00703125 0.040625
2 0.69453125 0.034375 0.0125 0.05
2 0.6765625 0.021875 0.00703125 0.04375
2 0.84921875 0.58125 0.01640625 0.06796875
2 0.8109375 0.48046875 0.01875 0.06953125
2 0.76953125 0.43203125 0.0171875 0.0609375
2 0.75390625 0.39296875 0.015625 0.07109375
2 0.803125 0.3875 0.0171875 0.0640625
2 0.81328125 0.371875 0.0140625 0.0671875
2 0.83984375 0.3609375 0.01171875 0.0421875
2 0.7921875 0.3671875 0.0125 0.0484375
2 0.7828125 0.3375 0.009375 0.0515625
2 0.7359375 0.36640625 0.01015625 0.06640625
2 0.725 0.35859375 0.0109375 0.0609375
2 0.71171875 0.36640625 0.01171875 0.0578125
2 0.72734375 0.3140625 0.00859375 0.0328125
2 0.83046875 0.365625 0.01328125 0.0453125
2 0.7046875 0.32734375 0.0109375 0.05234375
2 0.69453125 0.30390625 0.0140625 0.0609375
2 0.6703125 0.31953125 0.01015625 0.07109375
2 0.73046875 0.08984375 0.0125 0.040625
2 0.5515625 0.06875 0.0109375 0.04921875
2 0.5625 0.065625 0.009375 0.05
2 0.5859375 0.14765625 0.01171875 0.05390625
2 0.56328125 0.16015625 0.01171875 0.05703125
2 0.60234375 0.17734375 0.00859375 0.0453125
2 0.615625 0.20078125 0.01015625 0.06015625
2 0.66484375 0.1484375 0.0109375 0.03671875
2 0.5890625 0.20625 0.0109375 0.0640625
2 0.60625 0.23359375 0.0140625 0.0546875
2 0.634375 0.23046875 0.0109375 0.05
2 0.62421875 0.25703125 0.01171875 0.05859375
2 0.64609375 0.28515625 0.01171875 0.0578125
2 0.6671875 0.290625 0.01328125 0.05625
2 0.67890625 0.265625 0.01015625 0.05859375
2 0.690625 0.26875 0.01015625 0.06015625
2 0.6625 0.23046875 0.00859375 0.0296875
2 0.67109375 0.25 0.009375 0.0375
2 0.65 0.234375 0.0078125 0.053125
2 0.63984375 0.175 0.00703125 0.053125
0 0.753125 0.21328125 0.16171875 0.27265625
0 0.91796875 0.43359375 0.1640625 0.3296875