0 0.60234375 0.68984375 0.11171875 0.24921875
0 0.47734375 0.88359375 0.14453125 0.23203125
2 0.6125 0.85390625 0.01796875 0.06640625
2 0.325 0.759375 0.01171875 0.07734375
2 0.6859375 0.73203125 0.0125 0.0375
2 0.70390625 0.72421875 0.01484375 0.0578125
2 0.69453125 0.69609375 0.01640625 0.0453125
2 0.709375 0.66796875 0.01640625 0.0578125
2 0.7359375 0.678125 0.01328125 0.065625
2 0.72265625 0.60625 0.01875 0.08125
2 0.7703125 0.67421875 0.01875 0.07421875
2 0.8546875 0.72265625 0.015625 0.05234375
2 0.765625 0.5484375 0.01875 0.065625
2 0.86015625 0.5421875 0.015625 0.05625
2 0.90703125 0.6421875 0.01640625 0.071875
2 0.92265625 0.71015625 0.028125 0.075
2 0.94765625 0.51171875 0.02109375 0.05703125
2 0.9515625 0.46171875 0.01328125 0.06015625
1 0.840625 0.08125 0.04765625 0.084375
2 0.80546875 0.36796875 0.015625 0.05546875
2 0.784375 0.34921875 0.0140625 0.0671875
2 0.78203125 0.48828125 0.01015625 0.0703125
2 0.7875 0.4484375 0.009375 0.0546875
2 0.79375 0.43359375 0.00859375 0.0515625
2 0.48359375 0.02265625 0.01015625 0.0453125
2 0.46640625 0.08046875 0.01171875 0.06171875
2 0.43359375 0.0734375 0.01015625 0.04609375
2 0.4234375 0.13671875 0.01328125 0.04765625
2 0.40546875 0.10546875 0.00859375 0.053125
2 0.409375 0.1484375 0.009375 0.0625
2 0.01015625 0.74921875 0.01328125 0.05859375
2 0.19375 0.4765625 0.0125 0.0578125
2 0.23125 0.4515625 0.0140625 0.0671875
2 0.2046875 0.47265625 0.0125 0.0640625
2 0.215625 0.46875 0.00859375 0.0578125
2 0.23984375 0.3859375 0.0140625 0.065625
2 0.2171875 0.33828125 0.01171875 0.059375
2 0.1015625 0.253125 0.0140625 0.059375
2 0.24453125 0.35 0.0078125 0.04921875
2 0.26796875 0.3875 0.01484375 0.05546875
2 0.2765625 0.35 0.01015625 0.0453125
2 0.31171875 0.30390625 0.01171875 0.03359375
2 0.353125 0.26171875 0.0125 0.04140625
2 0.39140625 0.1953125 0.0078125 0.04765625
2 0.3390625 0.24375 0.009375 0.059375
2 0.32890625 0.2359375 0.01015625 0.0375
2 0.3203125 0.2734375 0.00859375 0.0421875
2 0.2421875 0.02265625 0.01328125 0.04453125
2 0.22578125 0.07109375 0.00859375 0.03359375
2 0.19609375 0.07578125 0.00859375 0.04453125
2 0.10078125 0.0546875 0.00859375 0.0390625
2 0.040625 0.08203125 0.0109375 0.05859375
2 0.0625 0.13671875 0.009375 0.04296875
2 0.025 0.2140625 0.0140625 0.0546875
2 0.02890625 0.278125 0.01328125 0.04921875
2 0.01875 0.26640625 0.00703125 0.040625
2 0.0046875 0.28671875 0.009375 0.05703125
2 0.0140625 0.28984375 0.009375 0.06171875
2 0.3578125 0.1109375 0.00703125 0.01171875
2 0.35078125 0.11875 0.00703125 0.0125
2 0.34140625 0.128125 0.0078125 0.01640625
0 0.26796875 0.18203125 0.15703125 0.23984375
0 0.22421875 0.165625 0.15703125 0.24140625