0 0.46484375 0.8921875 0.1546875 0.215625
0 0.50859375 0.140625 0.125 0.19765625
0 0.37578125 0.30859375 0.153125 0.240625
2 0.1078125 0.9671875 0.0140625 0.04140625
2 0.12265625 0.89140625 0.02421875 0.06953125
2 0.76328125 0.575 0.01484375 0.05703125
2 0.77265625 0.51328125 0.015625 0.06953125
2 0.43046875 0.15 0.01484375 0.05546875
2 0.95078125 0.146875 0.0125 0.05078125
2 0.996875 0.25859375 0.00625 0.05859375
2 0.2765625 0.1296875 0.0125 0.04140625
2 0.36953125 0.20234375 0.00625 0.03984375
2 0.3515625 0.225 0.00859375 0.04140625
2 0.3046875 0.296875 0.0078125 0.0484375
2 0.16171875 0.05078125 0.009375 0.0328125
2 0.1546875 0.04765625 0.0078125 0.03828125
2 0.3375 0.23125 0.0109375 0.04140625
2 0.32421875 0.27109375 0.01015625 0.05625