2 0.55 0.98515625 0.01875 0.0296875
2 0.57421875 0.9546875 0.01953125 0.08046875
2 0.5875 0.90703125 0.021875 0.0515625
2 0.57734375 0.87734375 0.01796875 0.05546875
2 0.603125 0.828125 0.0171875 0.05
2 0.61171875 0.84296875 0.0125 0.0453125
2 0.60546875 0.87265625 0.02109375 0.0625
2 0.6828125 0.7265625 0.01875 0.05078125
2 0.73984375 0.7578125 0.01484375 0.0421875
2 0.7265625 0.72265625 0.02109375 0.07421875
2 0.76875 0.71640625 0.0140625 0.08046875
2 0.72265625 0.6734375 0.02421875 0.07109375
2 0.7171875 0.64140625 0.01484375 0.065625
2 0.75859375 0.67578125 0.0125 0.084375
2 0.74609375 0.6578125 0.0171875 0.07109375
2 0.7453125 0.5984375 0.02109375 0.0515625
2 0.865625 0.60234375 0.0171875 0.0671875
2 0.90390625 0.9375 0.01953125 0.07734375
2 0.87890625 0.92109375 0.015625 0.065625
0 0.4515625 0.93515625 0.1203125 0.1296875
0 0.6046875 0.68515625 0.11953125 0.24765625
2 0.80625 0.52890625 0.01796875 0.06484375
2 0.76640625 0.54921875 0.01640625 0.0625
2 0.77265625 0.49140625 0.01328125 0.053125
2 0.78125 0.48203125 0.01640625 0.0671875
2 0.78671875 0.34375 0.01875 0.0640625
2 0.80546875 0.37265625 0.01875 0.0546875
2 0.95625 0.37109375 0.01328125 0.06015625
2 0.79140625 0.440625 0.015625 0.05234375
2 0.9953125 0.26484375 0.00859375 0.0671875
2 0.97265625 0.30546875 0.01171875 0.04140625
2 0.9828125 0.30390625 0.01171875 0.05390625
2 0.890625 0.04296875 0.01171875 0.04375
1 0.83984375 0.084375 0.04921875 0.08671875
1 0.6890625 0.13046875 0.0640625 0.109375
2 0.01484375 0.73671875 0.01875 0.07109375
2 0.05703125 0.6890625 0.01875 0.08203125
2 0.04375 0.60625 0.01796875 0.0671875
2 0.14609375 0.54296875 0.01953125 0.05625
2 0.1890625 0.4875 0.015625 0.078125
2 0.2421875 0.42421875 0.01484375 0.06171875
2 0.23203125 0.3484375 0.00859375 0.04921875
2 0.2390625 0.37578125 0.0109375 0.0390625
2 0.2703125 0.3859375 0.0125 0.059375
2 0.0046875 0.1359375 0.00859375 0.04453125
2 0.0609375 0.2359375 0.0109375 0.05
2 0.0671875 0.1578125 0.0125 0.04375
2 0.096875 0.215625 0.009375 0.046875
2 0.1046875 0.2046875 0.0109375 0.053125
2 0.11328125 0.09765625 0.01171875 0.04375
2 0.11640625 0.040625 0.0109375 0.04296875
2 0.21796875 0.096875 0.01171875 0.04296875
2 0.2328125 0.0859375 0.01171875 0.0515625
2 0.26015625 0.07421875 0.01171875 0.05
2 0.29453125 0.10078125 0.0125 0.0546875
2 0.32734375 0.0171875 0.01015625 0.034375
0 0.07890625 0.31328125 0.1578125 0.2171875
2 0.51328125 0.08515625 0.01328125 0.05078125
2 0.5015625 0.08671875 0.01171875 0.04921875
2 0.4140625 0.1046875 0.01015625 0.05703125
2 0.41015625 0.1515625 0.01171875 0.05625
2 0.39375 0.18203125 0.0109375 0.0421875
2 0.359375 0.18828125 0.0078125 0.059375
2 0.378125 0.21796875 0.00859375 0.0453125
2 0.3921875 0.225 0.0125 0.05234375
2 0.3875 0.24609375 0.009375 0.05859375
2 0.375 0.25703125 0.0109375 0.03984375
2 0.3640625 0.24765625 0.0109375 0.053125
2 0.35078125 0.25703125 0.0109375 0.02890625
2 0.3484375 0.22265625 0.00859375 0.0296875
2 0.340625 0.24375 0.009375 0.0484375
2 0.33203125 0.23359375 0.00703125 0.0515625
2 0.32109375 0.26953125 0.009375 0.0578125
2 0.31171875 0.271875 0.00625 0.05234375
2 0.30546875 0.2921875 0.0140625 0.0421875
2 0.2765625 0.346875 0.01015625 0.034375
2 0.2640625 0.35859375 0.01015625 0.03125
2 0.29453125 0.3171875 0.00859375 0.03671875
0 0.3359375 0.359375 0.109375 0.16875
2 0.2515625 0.2421875 0.01015625 0.0203125
2 0.26171875 0.225 0.00859375 0.01875
2 0.27421875 0.22109375 0.00859375 0.0328125
2 0.33359375 0.1546875 0.00703125 0.01640625
2 0.334375 0.15 0.009375 0.02890625
2 0.28984375 0.196875 0.0078125 0.01328125
2 0.33828125 0.134375 0.00703125 0.0125
2 0.36328125 0.10234375 0.0078125 0.01953125
2 0.35625 0.11328125 0.00703125 0.01953125