2 0.04140625 0.071875 0.01328125 0.03828125
2 0.2125 0.02890625 0.01015625 0.04453125
2 0.2 0.428125 0.01015625 0.06328125
2 0.24140625 0.3390625 0.00859375 0.04453125
2 0.321875 0.2640625 0.0046875 0.05546875
1 0.55546875 0.05546875 0.08125 0.1109375
2 0.3375 0.24765625 0.009375 0.05546875
1 0.33125 0.36484375 0.10625 0.1828125
2 0.27109375 0.384375 0.009375 0.0578125
0 0.6328125 0.575 0.1390625 0.32421875
0 0.46328125 0.88828125 0.1640625 0.2234375
2 0.95234375 0.39375 0.01484375 0.0578125
2 0.9234375 0.825 0.009375 0.071875
2 0.9046875 0.81484375 0.0171875 0.06484375
2 0.54765625 0.959375 0.0140625 0.0625
2 0.6265625 0.9328125 0.0140625 0.0671875
2 0.609375 0.93828125 0.0171875 0.07890625
2 0.61640625 0.84453125 0.01953125 0.084375
2 0.57890625 0.88359375 0.021875 0.075
2 0.875 0.53203125 0.01328125 0.06484375
2 0.8546875 0.56796875 0.0140625 0.071875
2 0.7796875 0.4890625 0.0140625 0.06328125
2 0.74375 0.621875 0.01953125 0.07421875
2 0.96328125 0.0859375 0.0140625 0.0359375
2 0.01484375 0.91953125 0.02109375 0.06484375