0 0.61171875 0.06953125 0.1125 0.1390625
1 0.659375 0.4546875 0.0703125 0.19921875
0 0.48671875 0.87265625 0.178125 0.2546875
1 0.2703125 0.44140625 0.09453125 0.17890625
1 0.40078125 0.26328125 0.10078125 0.16796875
1 0.553125 0.05546875 0.08046875 0.1109375
2 0.03984375 0.31484375 0.015625 0.05546875
2 0.10625 0.046875 0.01640625 0.05078125
2 0.028125 0.96484375 0.021875 0.0703125
2 0.56015625 0.97734375 0.01796875 0.04453125
2 0.62578125 0.92421875 0.015625 0.08984375
2 0.92734375 0.9640625 0.0234375 0.071875
2 0.86796875 0.9046875 0.02265625 0.08359375
2 0.91328125 0.740625 0.0203125 0.08046875
2 0.884375 0.5546875 0.01796875 0.06953125
2 0.8671875 0.52734375 0.01875 0.07265625
2 0.7828125 0.48046875 0.0140625 0.06015625
2 0.75390625 0.5859375 0.01796875 0.06640625
2 0.4625 0.0375 0.009375 0.04765625
2 0.4296875 0.08046875 0.009375 0.0546875
2 0.3390625 0.14609375 0.00546875 0.034375
2 0.37578125 0.21484375 0.00625 0.02890625
2 0.32265625 0.26875 0.009375 0.05703125
2 0.3640625 0.18203125 0.00625 0.05234375
2 0.3328125 0.23125 0.009375 0.04296875