0 0.72734375 0.725 0.1515625 0.20078125
0 0.40546875 0.525 0.096875 0.115625
1 0.6046875 0.61171875 0.08359375 0.1078125
1 0.51328125 0.584375 0.075 0.0921875
2 0.9515625 0.603125 0.01171875 0.05
2 0.79375 0.51640625 0.009375 0.03984375
2 0.7296875 0.61015625 0.0109375 0.0421875
2 0.71875 0.62734375 0.0109375 0.04453125
2 0.71484375 0.603125 0.01015625 0.0390625
2 0.709375 0.534375 0.00703125 0.034375
2 0.7140625 0.53828125 0.009375 0.03984375
2 0.58671875 0.54140625 0.00859375 0.03828125
2 0.58984375 0.4984375 0.00859375 0.0375
2 0.628125 0.5375 0.0109375 0.0359375
2 0.6328125 0.56484375 0.0078125 0.03125
2 0.64453125 0.59453125 0.00859375 0.0484375
2 0.55625 0.490625 0.009375 0.03515625
2 0.54375 0.48515625 0.00859375 0.0390625
2 0.52265625 0.5109375 0.00703125 0.03203125
2 0.6734375 0.4703125 0.0046875 0.02890625
2 0.53515625 0.3734375 0.00625 0.03203125
2 0.509375 0.35546875 0.00546875 0.025
2 0.52109375 0.35078125 0.00546875 0.02421875
2 0.55625 0.42109375 0.009375 0.0296875
2 0.51640625 0.415625 0.00625 0.0296875
2 0.57421875 0.321875 0.0078125 0.021875
2 0.57109375 0.3703125 0.00546875 0.03046875
2 0.56640625 0.371875 0.0078125 0.0328125
2 0.4359375 0.4859375 0.009375 0.03671875
2 0.4125 0.46328125 0.00859375 0.02734375
2 0.4421875 0.4296875 0.00625 0.02890625
2 0.4390625 0.45390625 0.00859375 0.03046875
2 0.4875 0.4984375 0.00625 0.02890625
2 0.47734375 0.49140625 0.0046875 0.0359375
2 0.46640625 0.4828125 0.00703125 0.03515625
2 0.45625 0.47890625 0.00625 0.03125
2 0.45234375 0.4890625 0.00625 0.03515625
2 0.39609375 0.31875 0.00703125 0.02734375
2 0.39296875 0.26640625 0.00625 0.021875
2 0.41796875 0.24296875 0.00703125 0.0234375
2 0.44453125 0.24140625 0.00625 0.021875
2 0.340625 0.246875 0.00546875 0.0203125
2 0.35859375 0.21875 0.00546875 0.01953125
2 0.396875 0.2046875 0.00625 0.0203125
2 0.390625 0.21171875 0.0046875 0.01484375
2 0.4484375 0.184375 0.0046875 0.01875
2 0.46015625 0.234375 0.00546875 0.01953125
2 0.60546875 0.1671875 0.0046875 0.01875
2 0.54453125 0.190625 0.00625 0.021875
2 0.509375 0.21015625 0.0046875 0.02265625
2 0.51796875 0.196875 0.00546875 0.0203125
2 0.48203125 0.22578125 0.00703125 0.0203125
2 0.4890625 0.2203125 0.0046875 0.0203125
2 0.50078125 0.215625 0.00625 0.01875