2 0.9796875 0.51328125 0.00859375 0.03046875
2 0.9703125 0.51328125 0.009375 0.0265625
2 0.9421875 0.390625 0.00859375 0.028125
2 0.92421875 0.35234375 0.00625 0.0265625
2 0.878125 0.32421875 0.009375 0.02421875
2 0.834375 0.3015625 0.00703125 0.0234375
2 0.8265625 0.30390625 0.0109375 0.0234375
2 0.76171875 0.540625 0.01015625 0.0359375
2 0.71875 0.33359375 0.00625 0.03046875
2 0.696875 0.37421875 0.009375 0.03203125
2 0.703125 0.52734375 0.01015625 0.0359375
2 0.68203125 0.559375 0.0078125 0.03203125
2 0.42890625 0.45625 0.00859375 0.03671875
2 0.49140625 0.56875 0.0078125 0.03671875
2 0.4671875 0.56875 0.0078125 0.03203125
2 0.459375 0.56484375 0.00625 0.03203125
2 0.4640625 0.5375 0.0078125 0.02734375
2 0.459375 0.5390625 0.0078125 0.02421875
2 0.4421875 0.571875 0.00625 0.034375
2 0.39140625 0.6125 0.0078125 0.04765625
2 0.37890625 0.60625 0.009375 0.0359375
2 0.3546875 0.6265625 0.009375 0.04453125
2 0.33828125 0.625 0.00859375 0.03671875
2 0.31484375 0.6421875 0.01171875 0.03671875
2 0.30234375 0.56875 0.00703125 0.03984375
2 0.2609375 0.609375 0.0125 0.034375
2 0.17265625 0.60234375 0.01015625 0.0390625
2 0.14296875 0.665625 0.00859375 0.0421875
2 0.09453125 0.5921875 0.0109375 0.03671875
2 0.221875 0.46640625 0.01015625 0.034375
2 0.22734375 0.4109375 0.00859375 0.03359375
2 0.24140625 0.3453125 0.00703125 0.0359375
2 0.23515625 0.34921875 0.0109375 0.0375
2 0.2234375 0.346875 0.00859375 0.03515625
2 0.0734375 0.33984375 0.0078125 0.0390625
2 0.04140625 0.2 0.00546875 0.02578125
2 0.03828125 0.1984375 0.00703125 0.02421875
2 0.0140625 0.596875 0.01171875 0.03046875
2 0.0046875 0.59296875 0.0078125 0.04609375
2 0.08125 0.6890625 0.009375 0.04453125
2 0.015625 0.66015625 0.01171875 0.0359375
2 0.04609375 0.68984375 0.00859375 0.0421875
2 0.0546875 0.6984375 0.01171875 0.040625
2 0.00859375 0.771875 0.01640625 0.0671875