2 0.95859375 0.071875 0.01328125 0.03828125
2 0.7875 0.02890625 0.01015625 0.04453125
2 0.8 0.428125 0.01015625 0.06328125
2 0.75859375 0.3390625 0.00859375 0.04453125
2 0.678125 0.2640625 0.0046875 0.05546875
1 0.44453125 0.05546875 0.08125 0.1109375
2 0.6625 0.24765625 0.009375 0.05546875
1 0.66875 0.36484375 0.10625 0.1828125
2 0.72890625 0.384375 0.009375 0.0578125
0 0.3671875 0.575 0.1390625 0.32421875
0 0.53671875 0.88828125 0.1640625 0.2234375
2 0.04765625 0.39375 0.01484375 0.0578125
2 0.0765625 0.825 0.009375 0.071875
2 0.0953125 0.81484375 0.0171875 0.06484375
2 0.45234375 0.959375 0.0140625 0.0625
2 0.3734375 0.9328125 0.0140625 0.0671875
2 0.390625 0.93828125 0.0171875 0.07890625
2 0.38359375 0.84453125 0.01953125 0.084375
2 0.42109375 0.88359375 0.021875 0.075
2 0.125 0.53203125 0.01328125 0.06484375
2 0.1453125 0.56796875 0.0140625 0.071875
2 0.2203125 0.4890625 0.0140625 0.06328125
2 0.25625 0.621875 0.01953125 0.07421875
2 0.03671875 0.0859375 0.0140625 0.0359375
2 0.98515625 0.91953125 0.02109375 0.06484375