0 0.6171875 0.35625 0.121875 0.259375
1 0.7234375 0.39765625 0.078125 0.19921875
1 0.65546875 0.6328125 0.125 0.221875
1 0.234375 0.5109375 0.11640625 0.21015625
2 0.16875 0.50546875 0.0109375 0.065625
2 0.16328125 0.53671875 0.01875 0.0671875
2 0.7046875 0.740625 0.01484375 0.0484375
2 0.64609375 0.81640625 0.0171875 0.0703125
2 0.93359375 0.82265625 0.021875 0.07734375
2 0.8859375 0.94921875 0.02265625 0.08359375
2 0.21171875 0.36484375 0.0140625 0.0546875
2 0.27421875 0.371875 0.0140625 0.06015625
2 0.20859375 0.04609375 0.01328125 0.040625
2 0.1546875 0.05703125 0.0109375 0.04296875
2 0.42421875 0.14453125 0.0078125 0.0484375
2 0.12578125 0.021875 0.0125 0.04375
2 0.3390625 0.01484375 0.00859375 0.02890625
2 0.24609375 0.3421875 0.009375 0.0453125
2 0.265625 0.22890625 0.009375 0.01953125
2 0.378125 0.2265625 0.009375 0.05234375
2 0.34921875 0.24921875 0.01484375 0.0484375
2 0.32109375 0.26328125 0.01015625 0.05
2 0.328125 0.28046875 0.009375 0.05703125
2 0.27265625 0.31796875 0.009375 0.040625
2 0.8125 0.440625 0.0109375 0.0625
2 0.7796875 0.525 0.01484375 0.0453125
2 0.790625 0.53203125 0.0140625 0.065625
2 0.78984375 0.4765625 0.0171875 0.0484375
2 0.8734375 0.5703125 0.0203125 0.06484375
2 0.85390625 0.59140625 0.021875 0.071875
2 0.94765625 0.596875 0.0203125 0.065625
2 0.971875 0.59765625 0.01796875 0.06796875
2 0.97890625 0.3875 0.0171875 0.06171875
2 0.96953125 0.346875 0.01171875 0.05234375