1 0.35390625 0.65703125 0.125 0.24375
1 0.26015625 0.315625 0.0734375 0.17734375
0 0.6609375 0.87109375 0.18203125 0.2578125
1 0.503125 0.115625 0.0796875 0.16015625
2 0.01015625 0.515625 0.015625 0.07421875
2 0.175 0.3625 0.0140625 0.07109375
2 0.20234375 0.61875 0.02109375 0.06171875
2 0.20625 0.47421875 0.009375 0.07890625
2 0.21015625 0.4796875 0.01328125 0.07421875
2 0.7984375 0.47421875 0.01796875 0.07578125
2 0.42421875 0.02578125 0.01171875 0.04765625
2 0.76875 0.35703125 0.01015625 0.05703125
2 0.796875 0.38515625 0.01171875 0.07265625
2 0.734375 0.3890625 0.0140625 0.071875
2 0.91171875 0.10390625 0.01015625 0.040625
2 0.8671875 0.10078125 0.01328125 0.053125
2 0.8375 0.21953125 0.0140625 0.04765625
2 0.7 0.321875 0.0109375 0.08359375
2 0.89453125 0.25 0.0125 0.06015625
2 0.91640625 0.2125 0.01328125 0.0546875
2 0.90234375 0.21328125 0.0125 0.0546875
2 0.96875 0.10234375 0.01171875 0.05
2 0.584375 0.06796875 0.01171875 0.05078125
2 0.565625 0.0828125 0.0140625 0.05
2 0.68671875 0.04140625 0.0109375 0.04375
2 0.75859375 0.065625 0.0140625 0.06796875
2 0.634375 0.25390625 0.0109375 0.06171875
2 0.65234375 0.28828125 0.01328125 0.0625
2 0.62578125 0.21328125 0.00703125 0.05
2 0.609375 0.215625 0.009375 0.0484375
2 0.58125 0.18828125 0.0140625 0.0578125
2 0.55859375 0.16328125 0.0125 0.06015625
2 0.5546875 0.1140625 0.0109375 0.0453125
2 0.5734375 0.13671875 0.0109375 0.04609375
2 0.58203125 0.1328125 0.01328125 0.05
2 0.65703125 0.2390625 0.01328125 0.05703125
2 0.97578125 0.3484375 0.0140625 0.0484375
2 0.98671875 0.346875 0.0125 0.05234375
2 0.59921875 0.19296875 0.01171875 0.0546875
2 0.9875 0.321875 0.00859375 0.0390625
2 0.6546875 0.1265625 0.00625 0.0171875
2 0.71640625 0.21875 0.00625 0.034375
2 0.74453125 0.2375 0.00859375 0.021875
2 0.9734375 0.32734375 0.01015625 0.0390625
2 0.6734375 0.1515625 0.00546875 0.02578125
0 0.5296875 0.8421875 0.1875 0.315625