1 0.26171875 0.30703125 0.0703125 0.1703125
1 0.50078125 0.09921875 0.084375 0.1171875
1 0.353125 0.65390625 0.13046875 0.21953125
0 0.53515625 0.8578125 0.17578125 0.284375
2 0.2046875 0.553125 0.01171875 0.0625
2 0.25859375 0.690625 0.01484375 0.075
2 0.203125 0.63515625 0.01796875 0.08125
2 0.09453125 0.3453125 0.01640625 0.0609375
2 0.2140625 0.4828125 0.0125 0.065625
2 0.2078125 0.46953125 0.01484375 0.0671875
2 0.02421875 0.64921875 0.01328125 0.06796875
2 0.01171875 0.596875 0.015625 0.07578125
2 0.4515625 0.9734375 0.02109375 0.053125
2 0.365625 0.87890625 0.01484375 0.0671875
2 0.346875 0.80078125 0.015625 0.0703125
2 0.40703125 0.875 0.01875 0.0671875
0 0.5140625 0.234375 0.1328125 0.23046875
2 0.98125 0.9328125 0.01953125 0.084375
2 0.9734375 0.72578125 0.02109375 0.0625
2 0.8953125 0.52890625 0.009375 0.06875
2 0.8015625 0.39140625 0.015625 0.0609375
2 0.78203125 0.45 0.01484375 0.07421875
2 0.96171875 0.34140625 0.0125 0.05859375
2 0.9546875 0.0890625 0.01171875 0.0515625
2 0.92890625 0.1234375 0.01171875 0.0359375
2 0.92578125 0.16484375 0.01171875 0.05703125
2 0.8390625 0.0984375 0.01171875 0.05390625
2 0.8640625 0.034375 0.0109375 0.03984375
2 0.97734375 0.34140625 0.01171875 0.05546875
2 0.98671875 0.346875 0.01328125 0.0640625
2 0.8078125 0.06015625 0.01015625 0.04609375
2 0.78515625 0.071875 0.01015625 0.0484375
2 0.76875 0.09765625 0.01015625 0.04921875
2 0.75625 0.090625 0.01015625 0.05078125
2 0.8984375 0.03125 0.0078125 0.0484375
2 0.89296875 0.0265625 0.0125 0.046875
2 0.671875 0.109375 0.00859375 0.0453125
2 0.76796875 0.35546875 0.009375 0.0546875
2 0.7296875 0.39921875 0.01328125 0.06953125
2 0.3859375 0.08984375 0.0140625 0.04453125
2 0.56484375 0.08671875 0.0078125 0.0453125
2 0.7171875 0.03515625 0.01171875 0.04453125
2 0.69375 0.0453125 0.01328125 0.05
2 0.684375 0.025 0.01328125 0.05
2 0.74296875 0.02109375 0.0109375 0.0421875
2 0.6765625 0.284375 0.0109375 0.0515625
2 0.59765625 0.234375 0.01484375 0.05703125
2 0.65546875 0.24140625 0.00859375 0.04921875
2 0.7203125 0.21953125 0.00859375 0.03671875
2 0.5796875 0.16484375 0.01015625 0.05390625
2 0.57109375 0.17890625 0.00859375 0.0484375
2 0.55859375 0.165625 0.0109375 0.04921875
2 0.55546875 0.11484375 0.01171875 0.05
2 0.5546875 0.13046875 0.009375 0.0484375
2 0.57890625 0.0921875 0.00859375 0.03984375
2 0.58984375 0.10703125 0.00859375 0.046875
2 0.7015625 0.3171875 0.01171875 0.065625
2 0.653125 0.12421875 0.01328125 0.01640625
2 0.74453125 0.24453125 0.01484375 0.02578125
2 0.6015625 0.1859375 0.01171875 0.03671875