1 0.7078125 0.53046875 0.0953125 0.21796875
1 0.0578125 0.3984375 0.115625 0.234375
1 0.40546875 0.2796875 0.09375 0.16640625
1 0.521875 0.11015625 0.06796875 0.125
1 0.83828125 0.090625 0.07265625 0.121875
0 0.49453125 0.87265625 0.17265625 0.2484375
0 0.3859375 0.0203125 0.08359375 0.03984375
0 0.10390625 0.3703125 0.14609375 0.21328125
2 0.00859375 0.14921875 0.01328125 0.04375
2 0.04453125 0.134375 0.01015625 0.04375
2 0.01328125 0.33984375 0.01328125 0.0515625
2 0.003125 0.3375 0.00390625 0.06953125
2 0.046875 0.25625 0.009375 0.0515625
2 0.08984375 0.20390625 0.01171875 0.053125
2 0.09921875 0.2640625 0.00859375 0.05078125
2 0.11875 0.26171875 0.0078125 0.04609375
2 0.09453125 0.0765625 0.01484375 0.0359375
2 0.1625 0.078125 0.01484375 0.046875
2 0.2109375 0.153125 0.0125 0.0484375
2 0.2359375 0.11640625 0.0109375 0.0390625
2 0.4625 0.06328125 0.0109375 0.046875
2 0.47890625 0.1359375 0.01171875 0.06328125
2 0.0921875 0.52890625 0.01328125 0.06171875
2 0.04765625 0.6921875 0.0140625 0.04921875
2 0.43828125 0.11484375 0.009375 0.05
2 0.4375 0.16484375 0.01015625 0.05390625
2 0.425 0.11484375 0.01015625 0.0484375
2 0.1875 0.3859375 0.01015625 0.0703125
2 0.2 0.36796875 0.009375 0.06484375
2 0.2390625 0.4203125 0.01328125 0.06875
2 0.26796875 0.40859375 0.0109375 0.06015625
2 0.21953125 0.3875 0.01328125 0.06171875
2 0.21171875 0.353125 0.0109375 0.05546875
2 0.2109375 0.315625 0.01015625 0.0296875
2 0.2296875 0.3375 0.00859375 0.0546875
2 0.24453125 0.3515625 0.00703125 0.053125
2 0.27890625 0.221875 0.01015625 0.0359375
2 0.3 0.32890625 0.0140625 0.059375
2 0.31875 0.30234375 0.0109375 0.0546875
2 0.33359375 0.30625 0.0109375 0.05625
2 0.328125 0.26875 0.00859375 0.04375
2 0.3453125 0.2359375 0.01015625 0.06171875
2 0.321875 0.265625 0.01015625 0.0453125
2 0.3609375 0.2421875 0.0078125 0.06015625
2 0.4171875 0.1609375 0.0078125 0.06328125
2 0.4265625 0.15546875 0.0078125 0.05703125
1 0.35859375 0.5796875 0.12109375 0.2203125
2 0.60546875 0.86484375 0.01484375 0.0515625
2 0.58828125 0.91484375 0.01484375 0.05390625
2 0.66875 0.76328125 0.01640625 0.06328125
2 0.97578125 0.81953125 0.01640625 0.0609375
2 0.94140625 0.74453125 0.02265625 0.06796875
2 0.9515625 0.57109375 0.02109375 0.06796875
2 0.98203125 0.378125 0.01328125 0.0640625
2 0.95 0.4515625 0.0140625 0.059375
2 0.71796875 0.73359375 0.01953125 0.05
2 0.8109375 0.596875 0.01328125 0.06640625
2 0.8359375 0.27109375 0.01328125 0.03671875
2 0.7375 0.7015625 0.0140625 0.07578125
2 0.74609375 0.6140625 0.0078125 0.034375
2 0.803125 0.4953125 0.0125 0.0609375
2 0.80546875 0.365625 0.00859375 0.03359375
2 0.75703125 0.621875 0.0078125 0.06953125
2 0.77109375 0.5140625 0.01640625 0.053125
2 0.765625 0.534375 0.00078125 0.0046875
2 0.79296875 0.43203125 0.00859375 0.0390625
2 0.78125 0.47421875 0.01328125 0.04453125
2 0.7640625 0.5765625 0.00859375 0.0484375
2 0.74296875 0.64140625 0.0125 0.06640625
2 0.7875 0.45234375 0.01015625 0.04140625
2 0.796875 0.41171875 0.0125 0.0484375