2 0.925 0.36875 0.01640625 0.06796875
2 0.89765625 0.04609375 0.0109375 0.04296875
2 0.88125 0.09375 0.01328125 0.04765625
2 0.87265625 0.05234375 0.0140625 0.04609375
2 0.846875 0.084375 0.01484375 0.04765625
2 0.8453125 0.14375 0.0125 0.04921875
2 0.96875 0.609375 0.01953125 0.0671875
2 0.94921875 0.71171875 0.0125 0.07109375
2 0.9296875 0.70078125 0.015625 0.06875
2 0.909375 0.5296875 0.01484375 0.0671875
2 0.88515625 0.62890625 0.01953125 0.06484375
2 0.89921875 0.5234375 0.0140625 0.0703125
2 0.79453125 0.3265625 0.0140625 0.04765625
2 0.809375 0.3640625 0.0171875 0.0609375
2 0.815625 0.50625 0.01328125 0.05390625
2 0.7765625 0.49453125 0.01328125 0.05859375
2 0.8046875 0.48046875 0.01640625 0.06875
2 0.76875 0.4140625 0.01875 0.06640625
2 0.7953125 0.41484375 0.01484375 0.05390625
2 0.75859375 0.35078125 0.0125 0.06640625
2 0.746875 0.39765625 0.0109375 0.059375
2 0.7359375 0.41796875 0.0109375 0.06328125
2 0.684375 0.05859375 0.009375 0.0453125
2 0.71640625 0.39765625 0.01171875 0.05703125
2 0.71640625 0.34296875 0.01171875 0.0453125
2 0.72734375 0.3546875 0.00078125 0.05546875
2 0.71171875 0.32734375 0.01328125 0.05390625
2 0.7421875 0.35703125 0.0078125 0.05
2 0.70234375 0.3125 0.0109375 0.0609375
2 0.69140625 0.36171875 0.0078125 0.0625
2 0.6796875 0.33984375 0.009375 0.06328125
2 0.67734375 0.2953125 0.009375 0.040625
2 0.68984375 0.26875 0.0125 0.05
2 0.6734375 0.2765625 0.01171875 0.053125
2 0.6515625 0.30390625 0.01171875 0.05
2 0.65390625 0.2703125 0.01171875 0.0328125
2 0.67265625 0.24765625 0.01171875 0.03984375
2 0.64140625 0.28203125 0.00859375 0.05546875
2 0.63046875 0.26953125 0.0109375 0.0625
2 0.61875 0.24765625 0.0109375 0.0609375
2 0.6296875 0.209375 0.01015625 0.03828125
2 0.6453125 0.23046875 0.00859375 0.0453125
2 0.6046875 0.225 0.0125 0.0609375
2 0.61796875 0.19765625 0.01015625 0.040625
2 0.60859375 0.184375 0.00859375 0.03046875
2 0.59765625 0.1828125 0.0078125 0.04453125
2 0.58984375 0.1515625 0.0078125 0.04609375
2 0.57890625 0.1765625 0.0125 0.0484375
2 0.6703125 0.12421875 0.009375 0.0265625
2 0.5734375 0.09765625 0.01015625 0.04921875
2 0.5625 0.1390625 0.00859375 0.0421875
2 0.6578125 0.24765625 0.01171875 0.04921875
2 0.67109375 0.1453125 0.0078125 0.015625
2 0.56484375 0.0578125 0.01015625 0.0359375
2 0.66484375 0.1453125 0.0109375 0.0328125
2 0.56171875 0.50234375 0.0171875 0.0640625
2 0.546875 0.03984375 0.0109375 0.04765625
2 0.51328125 0.0421875 0.01015625 0.0453125
0 0.62421875 0.034375 0.096875 0.065625
2 0.10859375 0.7375 0.02265625 0.0625
2 0.7265625 0.21953125 0.009375 0.0265625
2 0.128125 0.3875 0.009375 0.0390625
2 0.18984375 0.57890625 0.021875 0.06015625
2 0.2046875 0.528125 0.0125 0.06796875
2 0.240625 0.61484375 0.0125 0.08125
2 0.21328125 0.8 0.01171875 0.06953125
2 0.21875 0.7625 0.01328125 0.0703125
2 0.26328125 0.709375 0.01171875 0.06953125
2 0.27421875 0.740625 0.0109375 0.053125
2 0.015625 0.26484375 0.01015625 0.0546875
2 0.11015625 0.0625 0.009375 0.0484375
2 0.37109375 0.84453125 0.0140625 0.06953125
2 0.040625 0.10859375 0.00625 0.05
2 0.25234375 0.48984375 0.01171875 0.06015625
2 0.34375 0.65703125 0.01875 0.0578125
2 0.21875 0.496875 0.01015625 0.059375
2 0.22421875 0.51015625 0.01015625 0.065625
2 0.42265625 0.94296875 0.01328125 0.03125
2 0.4078125 0.89140625 0.0171875 0.040625
2 0.39453125 0.865625 0.0109375 0.034375
2 0.3875 0.84765625 0.01171875 0.0453125
2 0.29765625 0.73515625 0.0125 0.03671875
2 0.3328125 0.74453125 0.0125 0.05703125
2 0.34375 0.746875 0.00859375 0.0625
2 0.346875 0.81171875 0.02265625 0.05703125
2 0.33046875 0.68828125 0.015625 0.0625
2 0.31796875 0.659375 0.01171875 0.0671875
2 0.3 0.6890625 0.01796875 0.06796875
2 0.29296875 0.70234375 0.0140625 0.0390625
2 0.30390625 0.6328125 0.0171875 0.04296875
2 0.315625 0.61875 0.0078125 0.03125
2 0.290625 0.603125 0.0140625 0.06484375
2 0.28515625 0.6859375 0.0140625 0.04296875
2 0.2609375 0.6546875 0.0109375 0.03125
2 0.2578125 0.63515625 0.01796875 0.06484375
2 0.26640625 0.6125 0.0140625 0.075
2 0.25 0.59609375 0.0140625 0.0671875
2 0.265625 0.546875 0.009375 0.059375
2 0.2515625 0.56328125 0.01640625 0.059375
2 0.2453125 0.546875 0.0078125 0.059375
2 0.23671875 0.47109375 0.01328125 0.06484375
2 0.225 0.43203125 0.009375 0.053125
2 0.2328125 0.425 0.01015625 0.059375
2 0.22578125 0.3984375 0.0140625 0.05
1 0.27265625 0.40078125 0.0953125 0.1921875
1 0.5015625 0.90703125 0.1328125 0.18515625
1 0.16796875 0.11015625 0.034375 0.08359375