1 0.29375 0.5234375 0.0984375 0.19453125
0 0.534375 0.884375 0.1609375 0.225
2 0.43828125 0.9015625 0.0171875 0.0625
2 0.37265625 0.709375 0.02109375 0.06875
2 0.40859375 0.86796875 0.01796875 0.07734375
2 0.39375 0.86875 0.01484375 0.0546875
2 0.3625 0.796875 0.01484375 0.07109375
2 0.28984375 0.62578125 0.0125 0.0703125
2 0.20234375 0.71015625 0.01875 0.071875
2 0.26484375 0.69765625 0.01171875 0.0703125
2 0.17421875 0.38046875 0.01875 0.0625
2 0.2484375 0.66171875 0.0125 0.07578125
2 0.26796875 0.61171875 0.01328125 0.0625
2 0.8 0.515625 0.01953125 0.07109375
2 0.2 0.41015625 0.0109375 0.05859375
2 0.2078125 0.44296875 0.0109375 0.0609375
2 0.21875 0.48359375 0.01171875 0.059375
2 0.225 0.5203125 0.01328125 0.065625
2 0.23203125 0.55 0.015625 0.0609375
2 0.903125 0.3203125 0.01328125 0.05625
2 0.81015625 0.359375 0.01328125 0.05859375
2 0.746875 0.40703125 0.01015625 0.059375
2 0.75859375 0.4109375 0.01328125 0.06484375
2 0.93984375 0.2734375 0.01171875 0.053125
2 0.73125 0.37578125 0.0140625 0.06171875
2 0.65859375 0.30078125 0.0171875 0.05078125
2 0.615625 0.24296875 0.0109375 0.0484375
2 0.7515625 0.07421875 0.0125 0.0484375
2 0.71875 0.059375 0.0109375 0.03984375
2 0.7109375 0.3453125 0.01015625 0.0515625
2 0.696875 0.34453125 0.0125 0.04921875
2 0.64609375 0.2359375 0.0125 0.0484375
2 0.63203125 0.21953125 0.00859375 0.04453125
2 0.784375 0.33671875 0.00546875 0.0484375
2 0.7578125 0.35859375 0.01015625 0.04609375
2 0.66875 0.24453125 0.0125 0.03359375
2 0.6703125 0.28984375 0.01015625 0.0640625
2 0.61953125 0.20234375 0.01171875 0.05234375
2 0.61015625 0.1921875 0.00703125 0.0484375
2 0.78203125 0.084375 0.01015625 0.0390625
2 0.79375 0.109375 0.01328125 0.053125
2 0.80390625 0.13671875 0.0078125 0.04765625
2 0.79765625 0.16328125 0.01015625 0.04921875
2 0.5875 0.06875 0.0078125 0.04453125
2 0.559375 0.11640625 0.00703125 0.04765625
2 0.5515625 0.09453125 0.00546875 0.03515625
2 0.5453125 0.0953125 0.01015625 0.0421875
2 0.57109375 0.1375 0.00625 0.0578125
2 0.59921875 0.08515625 0.00546875 0.03515625
2 0.58515625 0.153125 0.0078125 0.0578125
2 0.6890625 0.2703125 0.0078125 0.0671875
2 0.55078125 0.0375 0.01171875 0.05
2 0.4703125 0.02421875 0.009375 0.0484375
2 0.57265625 0.1078125 0.00703125 0.0296875
2 0.58203125 0.1171875 0.00546875 0.034375
2 0.703125 0.01875 0.0109375 0.0359375
2 0.81328125 0.0703125 0.01015625 0.04609375
2 0.88515625 0.075 0.009375 0.04609375
2 0.93515625 0.1046875 0.009375 0.05
2 0.9859375 0.22734375 0.0140625 0.05703125
2 0.8984375 0.21484375 0.0125 0.05390625
2 0.82109375 0.18671875 0.0109375 0.05390625
2 0.84609375 0.0359375 0.00625 0.040625
2 0.8375 0.053125 0.009375 0.0546875
2 0.890625 0.12890625 0.01171875 0.04765625
2 0.98671875 0.325 0.0078125 0.05078125
2 0.971875 0.31484375 0.01171875 0.05078125
2 0.9640625 0.28984375 0.0140625 0.0421875
2 0.840625 0.225 0.0125 0.03359375
2 0.61328125 0.08359375 0.0125 0.0234375
0 0.7640625 0.21875 0.16484375 0.2578125
1 0.5171875 0.1546875 0.09609375 0.16015625