2 0.24296875 0.66484375 0.01640625 0.0578125
2 0.034375 0.7328125 0.015625 0.05390625
2 0.2171875 0.628125 0.01328125 0.04609375
2 0.2546875 0.6453125 0.01015625 0.0421875
2 0.2640625 0.63828125 0.0140625 0.04140625
2 0.2328125 0.62578125 0.009375 0.040625
2 0.27734375 0.62265625 0.009375 0.04609375
2 0.2890625 0.6375 0.01015625 0.04453125
2 0.23984375 0.51328125 0.009375 0.03515625
2 0.2625 0.53828125 0.009375 0.03671875
2 0.3359375 0.6015625 0.0078125 0.0453125
2 0.303125 0.63359375 0.0078125 0.04140625
2 0.31796875 0.5578125 0.00859375 0.0375
2 0.325 0.5640625 0.00859375 0.03359375
2 0.3125 0.596875 0.0078125 0.04140625
2 0.29140625 0.590625 0.0078125 0.0375
2 0.3375 0.4984375 0.01015625 0.040625
2 0.3828125 0.5609375 0.0125 0.0375
2 0.434375 0.52265625 0.01015625 0.03203125
2 0.49140625 0.49375 0.0078125 0.0296875
2 0.5078125 0.5046875 0.00703125 0.0234375
2 0.5234375 0.49296875 0.009375 0.0203125
2 0.425 0.38046875 0.00625 0.01953125
2 0.4625 0.371875 0.00703125 0.028125
2 0.59609375 0.5078125 0.009375 0.0375
2 0.44921875 0.35078125 0.0046875 0.01796875
2 0.56171875 0.4390625 0.00703125 0.03203125
2 0.56640625 0.45 0.0078125 0.03515625
2 0.62890625 0.53203125 0.01328125 0.040625
2 0.70703125 0.571875 0.01015625 0.03515625
2 0.69453125 0.55625 0.00859375 0.0359375
2 0.4859375 0.34765625 0.0078125 0.03046875
2 0.3984375 0.16796875 0.00546875 0.0171875
2 0.48515625 0.196875 0.00625 0.01796875
2 0.51171875 0.221875 0.003125 0.0171875
2 0.540625 0.2359375 0.003125 0.021875
2 0.52890625 0.22578125 0.0046875 0.01953125
2 0.54921875 0.2359375 0.0046875 0.01953125
2 0.55546875 0.2421875 0.0046875 0.02109375
2 0.54921875 0.18671875 0.0046875 0.0171875
2 0.55234375 0.190625 0.0046875 0.015625
2 0.54765625 0.171875 0.00390625 0.01640625
2 0.60859375 0.26953125 0.00625 0.0234375
2 0.61484375 0.2734375 0.00546875 0.02578125
2 0.6375 0.26171875 0.00625 0.0203125
2 0.6375 0.28671875 0.0046875 0.01953125
0 0.43671875 0.2015625 0.06640625 0.0546875