2 0.784375 0.62734375 0.01171875 0.0453125
2 0.76796875 0.621875 0.0109375 0.04140625
2 0.759375 0.64765625 0.0109375 0.02890625
2 0.74609375 0.6375 0.009375 0.03203125
2 0.73671875 0.6296875 0.009375 0.03125
2 0.721875 0.615625 0.01015625 0.02890625
2 0.70703125 0.5953125 0.01171875 0.04453125
2 0.675 0.5703125 0.01015625 0.04296875
2 0.68125 0.55703125 0.00703125 0.03515625
2 0.68828125 0.59765625 0.00703125 0.03359375
2 0.6828125 0.5953125 0.00859375 0.04296875
2 0.5921875 0.55 0.01171875 0.0390625
2 0.7046875 0.43359375 0.00703125 0.0296875
0 0.7390625 0.7078125 0.1390625 0.17890625
2 0.4828125 0.48359375 0.0078125 0.03046875
2 0.48828125 0.44921875 0.00859375 0.034375
2 0.45234375 0.4921875 0.00859375 0.03359375
2 0.4515625 0.4796875 0.0078125 0.02578125
2 0.42265625 0.4734375 0.0078125 0.0359375
2 0.4171875 0.4546875 0.00703125 0.03203125
2 0.53828125 0.37265625 0.00625 0.0296875
2 0.43515625 0.42421875 0.00859375 0.0328125
2 0.44453125 0.42734375 0.0078125 0.0328125
2 0.56328125 0.334375 0.00625 0.021875
2 0.55078125 0.353125 0.0046875 0.01796875
2 0.60078125 0.16640625 0.0046875 0.01953125
2 0.52578125 0.1984375 0.00625 0.021875
2 0.50859375 0.1953125 0.00546875 0.0125
2 0.44765625 0.21171875 0.00546875 0.0171875
2 0.44921875 0.17734375 0.00625 0.01640625
2 0.41796875 0.18984375 0.00546875 0.015625
2 0.44296875 0.24375 0.00546875 0.01875
2 0.41015625 0.2484375 0.00546875 0.01953125
2 0.42265625 0.228125 0.0046875 0.021875
2 0.41640625 0.22890625 0.00546875 0.01953125
2 0.38125 0.253125 0.00390625 0.0171875
2 0.3859375 0.2578125 0.00546875 0.02109375
2 0.34140625 0.27109375 0.0046875 0.02109375
0 0.48828125 0.228125 0.07265625 0.059375
2 0.39140625 0.25 0.00546875 0.021875
2 0.28359375 0.9671875 0.01640625 0.04765625