1 0.64921875 0.66015625 0.13046875 0.23125
0 0.47421875 0.85625 0.1890625 0.28671875
0 0.27265625 0.1828125 0.15546875 0.2390625
0 0.37890625 0.0296875 0.103125 0.05546875
0 0.42890625 0.05 0.003125 0.0140625
2 0.8078125 0.66015625 0.01875 0.075
2 0.75390625 0.659375 0.01953125 0.06796875
2 0.73359375 0.66015625 0.0140625 0.08359375
2 0.79375 0.478125 0.0125 0.06484375
2 0.79375 0.41015625 0.0125 0.0578125
2 0.80390625 0.4 0.01328125 0.065625
2 0.85 0.38671875 0.0109375 0.03671875
2 0.8515625 0.28125 0.01484375 0.0484375
2 0.87578125 0.28828125 0.009375 0.0453125
2 0.8859375 0.29765625 0.01015625 0.0640625
2 0.89453125 0.29921875 0.00703125 0.05625
2 0.015625 0.0765625 0.01640625 0.0421875
2 0.1640625 0.09296875 0.0140625 0.0515625
2 0.125 0.2546875 0.01796875 0.05234375
2 0.13984375 0.20234375 0.0125 0.05859375
2 0.021875 0.30078125 0.01484375 0.0546875
2 0.01640625 0.17109375 0.0125 0.04921875
2 0.00546875 0.16953125 0.0109375 0.0578125
2 0.140625 0.35390625 0.0125 0.03515625
2 0.19375 0.40859375 0.01328125 0.0546875
2 0.203125 0.32421875 0.01015625 0.04453125
2 0.24375 0.35546875 0.00703125 0.0625
2 0.04140625 0.57421875 0.01484375 0.07265625
2 0.07421875 0.71015625 0.01484375 0.06484375
2 0.06484375 0.6328125 0.02265625 0.059375
2 0.06875 0.60625 0.01953125 0.0671875
2 0.02265625 0.91015625 0.0125 0.06484375
2 0.009375 0.86171875 0.015625 0.0625
2 0.003125 0.834375 0.00390625 0.00234375
2 0.02578125 0.87890625 0.01015625 0.07734375
1 0.25390625 0.4828125 0.1234375 0.1984375
2 0.2625 0.33671875 0.00546875 0.046875
2 0.32890625 0.29921875 0.009375 0.053125
2 0.31328125 0.3296875 0.0125 0.05703125
2 0.29140625 0.3203125 0.009375 0.0625
2 0.3 0.3140625 0.01015625 0.0640625
2 0.2828125 0.34140625 0.0125 0.06484375
2 0.3359375 0.28359375 0.009375 0.0484375
2 0.38515625 0.234375 0.00859375 0.05
2 0.353125 0.2328125 0.0140625 0.0625
2 0.3921875 0.18828125 0.00859375 0.0453125
2 0.3328125 0.23359375 0.009375 0.04453125
2 0.45703125 0.0453125 0.009375 0.046875
2 0.43671875 0.08828125 0.00859375 0.05
2 0.40703125 0.08828125 0.01015625 0.0234375
2 0.42265625 0.14453125 0.00859375 0.053125
2 0.4125 0.15 0.00546875 0.053125
2 0.44375 0.1140625 0.00546875 0.03671875
2 0.45078125 0.13046875 0.009375 0.04609375
2 0.2515625 0.03515625 0.01484375 0.0453125
2 0.22265625 0.0140625 0.0109375 0.02578125