2 0.01796875 0.1703125 0.01484375 0.05078125
2 0.20859375 0.071875 0.0125 0.0484375
2 0.2453125 0.07890625 0.00859375 0.04921875
2 0.07890625 0.228125 0.0109375 0.04609375
2 0.1640625 0.05546875 0.0109375 0.03515625
2 0.15859375 0.0515625 0.0125 0.04921875
2 0.1375 0.05390625 0.0109375 0.0359375
2 0.16640625 0.52421875 0.01015625 0.0609375
2 0.21875 0.30546875 0.0109375 0.0578125
2 0.2390625 0.34765625 0.0109375 0.059375
2 0.21640625 0.4484375 0.0125 0.059375
2 0.25234375 0.39453125 0.0125 0.05234375
2 0.2625 0.42109375 0.01171875 0.06484375
2 0.09921875 0.390625 0.0125 0.04921875
2 0.265625 0.3609375 0.01484375 0.065625
2 0.2578125 0.3859375 0.0109375 0.07109375
2 0.28203125 0.3515625 0.01328125 0.0515625
2 0.3078125 0.3046875 0.01328125 0.0625
2 0.32109375 0.33203125 0.01484375 0.0671875
2 0.334375 0.30859375 0.01484375 0.059375
2 0.32890625 0.2734375 0.01484375 0.0328125
2 0.3328125 0.24921875 0.0078125 0.05078125
2 0.36171875 0.2328125 0.0125 0.05625
2 0.38515625 0.23828125 0.0125 0.0546875
2 0.3859375 0.19296875 0.0140625 0.05234375
2 0.403125 0.17265625 0.0125 0.0546875
2 0.45625 0.10390625 0.01171875 0.053125
2 0.4421875 0.04765625 0.0109375 0.03984375
2 0.421875 0.11796875 0.01640625 0.04921875
0 0.2625 0.18984375 0.15390625 0.26015625
2 0.325 0.015625 0.009375 0.03125
2 0.396875 0.08671875 0.0078125 0.03125
2 0.3640625 0.1015625 0.01015625 0.03203125
1 0.83125 0.10390625 0.0359375 0.08046875
1 0.76796875 0.2765625 0.0734375 0.146875
2 0.86953125 0.38515625 0.01171875 0.0421875
2 0.7765625 0.3890625 0.01796875 0.0578125
2 0.9828125 0.6796875 0.01484375 0.059375
2 0.96328125 0.65859375 0.01640625 0.07265625
2 0.92890625 0.9375 0.01640625 0.0640625
2 0.878125 0.88359375 0.01875 0.06484375
2 0.8734375 0.8546875 0.0171875 0.07421875
2 0.84609375 0.57421875 0.01328125 0.06796875
2 0.83203125 0.646875 0.01640625 0.0640625
2 0.5640625 0.9796875 0.0125 0.03203125
2 0.55 0.96796875 0.0140625 0.0640625
2 0.64375 0.82734375 0.01640625 0.0703125
2 0.6234375 0.84296875 0.0125 0.071875
2 0.596875 0.8859375 0.0125 0.0640625
2 0.6 0.853125 0.01484375 0.065625
2 0.57265625 0.9328125 0.01640625 0.0671875
2 0.571875 0.91015625 0.0140625 0.05234375
2 0.79609375 0.415625 0.01015625 0.03671875
2 0.79375 0.43125 0.01015625 0.053125
2 0.671875 0.65 0.01484375 0.07109375
2 0.68203125 0.6578125 0.0125 0.05078125
2 0.68125 0.70859375 0.01484375 0.06796875
2 0.6890625 0.73203125 0.01328125 0.0359375
2 0.73203125 0.74453125 0.01484375 0.0578125
2 0.7203125 0.7234375 0.01171875 0.075
2 0.7109375 0.69765625 0.01015625 0.0703125
2 0.70625 0.68671875 0.0125 0.07265625
2 0.796875 0.7140625 0.0109375 0.065625
2 0.7859375 0.70390625 0.0140625 0.07734375
2 0.78671875 0.6421875 0.01484375 0.07109375
2 0.7875 0.59375 0.0125 0.053125
2 0.71171875 0.6 0.0125 0.05859375
2 0.7015625 0.58359375 0.0078125 0.0546875
2 0.72109375 0.66171875 0.0125 0.05546875
2 0.70234375 0.55703125 0.0125 0.0609375
2 0.70859375 0.54140625 0.0078125 0.0515625
2 0.7375 0.65234375 0.01328125 0.065625
2 0.73203125 0.61953125 0.015625 0.07421875
2 0.74765625 0.5984375 0.01015625 0.06484375
2 0.73359375 0.52890625 0.01484375 0.059375
2 0.7234375 0.50703125 0.00703125 0.0703125
2 0.74453125 0.51015625 0.01484375 0.05859375
2 0.75546875 0.58125 0.009375 0.065625
2 0.76953125 0.553125 0.01484375 0.08046875
2 0.7609375 0.55390625 0.0125 0.05625
2 0.78671875 0.478125 0.01015625 0.053125
2 0.7703125 0.503125 0.0109375 0.04921875
0 0.67421875 0.459375 0.11171875 0.29609375