2 0.109375 0.9140625 0.0234375 0.07421875
2 0.134375 0.92265625 0.02109375 0.07890625
2 0.2953125 0.73515625 0.01875 0.053125
2 0.3046875 0.68984375 0.015625 0.0734375
2 0.18828125 0.740625 0.015625 0.0671875
2 0.21875 0.5421875 0.0140625 0.07421875
2 0.20546875 0.428125 0.0171875 0.05703125
2 0.184375 0.38515625 0.01953125 0.06953125
2 0.178125 0.34296875 0.0109375 0.059375
2 0.009375 0.38359375 0.01875 0.0625
1 0.16328125 0.08515625 0.053125 0.08515625
0 0.5140625 0.86328125 0.175 0.27265625
0 0.43203125 0.67421875 0.19765625 0.17734375
0 0.3484375 0.471875 0.13203125 0.2671875
0 0.57109375 0.2515625 0.121875 0.1640625
1 0.503125 0.13515625 0.0828125 0.14453125
2 0.709375 0.0828125 0.0125 0.03984375
2 0.7578125 0.0578125 0.0125 0.040625
2 0.8015625 0.03984375 0.01484375 0.04375
2 0.83828125 0.04765625 0.01484375 0.04921875
2 0.890625 0.025 0.00859375 0.040625
2 0.56640625 0.14375 0.0109375 0.05390625
2 0.59296875 0.0875 0.01015625 0.028125
2 0.5890625 0.15 0.0125 0.0546875
2 0.63125 0.09765625 0.009375 0.03125
2 0.6640625 0.146875 0.0125 0.0296875
2 0.6703125 0.01328125 0.009375 0.0265625
2 0.7484375 0.240625 0.00859375 0.02265625
2 0.79609375 0.37734375 0.01640625 0.05078125
2 0.8171875 0.4859375 0.01796875 0.07265625
2 0.7890625 0.428125 0.01328125 0.06484375
2 0.7671875 0.3453125 0.01171875 0.06015625
2 0.73671875 0.38359375 0.01484375 0.065625
2 0.7359375 0.33046875 0.01015625 0.0546875
2 0.7078125 0.3734375 0.01484375 0.05859375
2 0.7234375 0.35703125 0.0140625 0.08359375
2 0.7109375 0.33046875 0.0140625 0.0421875
2 0.68671875 0.34296875 0.01484375 0.06328125
2 0.784375 0.32265625 0.009375 0.059375
2 0.696875 0.309375 0.0109375 0.0640625
2 0.6765625 0.27109375 0.01015625 0.05078125
2 0.7171875 0.209375 0.00703125 0.02890625
2 0.71953125 0.2234375 0.0125 0.0421875
2 0.66953125 0.30234375 0.01015625 0.06484375
2 0.659375 0.284375 0.0109375 0.06328125
2 0.653125 0.25703125 0.01484375 0.0625
2 0.62578125 0.20703125 0.01171875 0.04609375
2 0.6046875 0.19375 0.01171875 0.0421875
2 0.59140625 0.2015625 0.0109375 0.0234375
2 0.6484375 0.23828125 0.00859375 0.05
2 0.63984375 0.271875 0.0109375 0.07109375
2 0.978125 0.16484375 0.01484375 0.04921875