1 0.29375 0.525 0.103125 0.20703125
1 0.47890625 0.10859375 0.0640625 0.1375
1 0.66875 0.3671875 0.11171875 0.209375
1 0.79296875 0.590625 0.1078125 0.20703125
0 0.52578125 0.88046875 0.16953125 0.23828125
0 0.73515625 0.184375 0.1609375 0.2421875
2 0.95234375 0.12421875 0.0140625 0.04609375
2 0.815625 0.0734375 0.01015625 0.046875
2 0.83828125 0.0796875 0.01328125 0.04609375
2 0.915625 0.10703125 0.0078125 0.04140625
2 0.9109375 0.10859375 0.0109375 0.0421875
2 0.91015625 0.1765625 0.01015625 0.0453125
2 0.91015625 0.22890625 0.0109375 0.05234375
2 0.934375 0.34453125 0.0109375 0.05859375
2 0.896875 0.2578125 0.01328125 0.05234375
2 0.88359375 0.28984375 0.0125 0.05
2 0.878125 0.37109375 0.0125 0.05078125
2 0.971875 0.61796875 0.00703125 0.05234375
2 0.94921875 0.65703125 0.015625 0.06484375
2 0.9109375 0.55078125 0.0125 0.05546875
2 0.8890625 0.596875 0.01953125 0.06640625
2 0.81171875 0.35234375 0.0078125 0.06484375
2 0.7890625 0.3265625 0.0078125 0.0515625
2 0.80234375 0.43515625 0.0125 0.053125
2 0.79375 0.41796875 0.0078125 0.06015625
2 0.91640625 0.48125 0.01171875 0.0578125
2 0.9109375 0.50390625 0.0078125 0.040625
2 0.80078125 0.4796875 0.0125 0.0484375
2 0.77109375 0.4546875 0.0109375 0.0515625
2 0.790625 0.3875 0.01171875 0.06015625
2 0.77578125 0.421875 0.009375 0.0453125
2 0.75859375 0.346875 0.0078125 0.05234375
2 0.75234375 0.4015625 0.009375 0.0546875
2 0.74453125 0.38125 0.0109375 0.0609375
2 0.56640625 0.04140625 0.00703125 0.04375
2 0.5453125 0.121875 0.009375 0.05
2 0.52734375 0.03203125 0.0109375 0.04765625
2 0.528125 0.0828125 0.009375 0.04609375
2 0.58046875 0.0984375 0.009375 0.0359375
2 0.56015625 0.078125 0.00859375 0.04375
2 0.5671875 0.12578125 0.00703125 0.040625
2 0.58515625 0.1625 0.00859375 0.046875
2 0.575 0.146875 0.01171875 0.053125
2 0.60625 0.19765625 0.0078125 0.06015625
2 0.63984375 0.253125 0.009375 0.040625
2 0.67421875 0.265625 0.00625 0.0453125
2 0.70390625 0.30703125 0.009375 0.0484375
2 0.6578125 0.240625 0.01015625 0.05390625
2 0.85546875 0.36484375 0.01015625 0.02890625
2 0.41875 0.7609375 0.01328125 0.07578125
2 0.03515625 0.86328125 0.0125 0.0859375
2 0.2875 0.734375 0.009375 0.05390625
2 0.2796875 0.76640625 0.003125 0.0078125
2 0.45390625 0.7625 0.01484375 0.03984375
2 0.29765625 0.72109375 0.0109375 0.07265625
2 0.2671875 0.69609375 0.01015625 0.0640625
2 0.253125 0.6421875 0.009375 0.06171875
2 0.25078125 0.628125 0.0078125 0.05703125
2 0.0890625 0.74609375 0.0078125 0.06171875
2 0.078125 0.74921875 0.01015625 0.065625
2 0.0609375 0.79296875 0.01015625 0.07109375
2 0.04921875 0.79609375 0.0078125 0.07421875
2 0.21484375 0.62734375 0.01015625 0.07265625
2 0.2015625 0.4046875 0.00859375 0.04765625
2 0.20390625 0.42265625 0.0109375 0.04453125
2 0.2125 0.45546875 0.009375 0.05625
2 0.21796875 0.48046875 0.0046875 0.05703125
2 0.2234375 0.5078125 0.01015625 0.05625
2 0.2296875 0.5328125 0.0109375 0.0609375
2 0.2359375 0.584375 0.00859375 0.05703125