1 0.7375 0.31484375 0.06875 0.1546875
1 0.16015625 0.62265625 0.1359375 0.21796875
2 0.84765625 0.3390625 0.01328125 0.034375
2 0.99296875 0.4359375 0.0140625 0.05234375
2 0.9828125 0.4234375 0.009375 0.0484375
2 0.91953125 0.496875 0.01875 0.06171875
2 0.9234375 0.36484375 0.01328125 0.040625
2 0.903125 0.3625 0.0140625 0.0578125
2 0.89609375 0.378125 0.01328125 0.0625
2 0.8265625 0.53046875 0.01484375 0.06328125
2 0.80625 0.5 0.0140625 0.0625
2 0.78984375 0.5125 0.01171875 0.0625
2 0.78046875 0.6125 0.0140625 0.0703125
2 0.76640625 0.60546875 0.0125 0.06953125
2 0.63671875 0.8421875 0.0109375 0.0703125
2 0.01171875 0.71953125 0.01484375 0.05703125
2 0.084375 0.559375 0.01328125 0.065625
2 0.2734375 0.3640625 0.01171875 0.06796875
2 0.23046875 0.346875 0.01171875 0.05703125
2 0.215625 0.35078125 0.009375 0.06015625
2 0.10703125 0.23125 0.009375 0.0453125
2 0.08203125 0.19609375 0.01015625 0.05703125
2 0.1875 0.1765625 0.00859375 0.05234375
2 0.31015625 0.30234375 0.0109375 0.0578125
2 0.31953125 0.27109375 0.0078125 0.0546875
2 0.33828125 0.22890625 0.009375 0.0515625
2 0.36640625 0.2203125 0.00859375 0.05
2 0.371875 0.2578125 0.009375 0.0484375
2 0.35703125 0.26171875 0.01015625 0.0515625
2 0.346875 0.2734375 0.0078125 0.053125
2 0.325 0.2453125 0.00859375 0.0421875