0 0.50078125 0.66640625 0.175 0.11171875
2 0.08203125 0.3609375 0.00546875 0.02890625
2 0.14140625 0.52578125 0.0078125 0.0296875
2 0.18203125 0.428125 0.00546875 0.0265625
2 0.290625 0.43515625 0.00703125 0.034375
2 0.28828125 0.52890625 0.00859375 0.034375
2 0.56171875 0.3546875 0.0078125 0.02734375
2 0.63046875 0.4796875 0.00859375 0.03046875
2 0.6046875 0.44453125 0.0078125 0.03125
2 0.5546875 0.5671875 0.009375 0.03125
2 0.67734375 0.509375 0.009375 0.03671875
2 0.753125 0.43046875 0.009375 0.03203125
2 0.72578125 0.365625 0.00625 0.0265625
2 0.765625 0.33046875 0.00625 0.02890625
2 0.79765625 0.30078125 0.00703125 0.0328125
2 0.6421875 0.628125 0.0078125 0.03125
2 0.66328125 0.5953125 0.00546875 0.03125
2 0.659375 0.62421875 0.0078125 0.034375
2 0.7015625 0.59453125 0.00859375 0.040625
2 0.696875 0.6484375 0.01015625 0.03828125
2 0.72578125 0.61640625 0.0046875 0.03515625
2 0.74921875 0.6515625 0.00703125 0.0359375
2 0.7625 0.63125 0.01015625 0.05234375
2 0.78515625 0.67109375 0.00625 0.0375
2 0.81484375 0.66796875 0.0078125 0.04296875
2 0.82421875 0.61953125 0.01015625 0.0390625
2 0.83359375 0.46953125 0.00625 0.0234375
2 0.828125 0.515625 0.0109375 0.0390625
2 0.8765625 0.540625 0.00625 0.0375
2 0.91796875 0.44375 0.00625 0.03046875
2 0.9296875 0.46328125 0.00703125 0.03203125
2 0.9078125 0.5375 0.00625 0.03125
2 0.96328125 0.509375 0.0078125 0.03359375
2 0.890625 0.6609375 0.00703125 0.0421875
2 0.89453125 0.665625 0.0140625 0.0390625
2 0.92734375 0.653125 0.00859375 0.034375
2 0.95078125 0.65234375 0.0109375 0.03828125
2 0.934375 0.72109375 0.01015625 0.0375
2 0.934375 0.6890625 0.0109375 0.02890625
2 0.94296875 0.70546875 0.009375 0.03671875
2 0.9796875 0.70234375 0.0109375 0.040625
2 0.9921875 0.73046875 0.009375 0.04296875
2 0.99453125 0.48671875 0.00703125 0.0359375
2 0.9921875 0.58359375 0.0078125 0.0390625
2 0.98359375 0.56640625 0.0078125 0.03515625
2 0.91875 0.34453125 0.00703125 0.03046875
2 0.928125 0.3484375 0.0078125 0.02890625
2 0.93671875 0.35390625 0.00703125 0.02734375
2 0.94921875 0.36640625 0.009375 0.0359375
2 0.9453125 0.3171875 0.0078125 0.03359375
2 0.9515625 0.32578125 0.009375 0.02109375
2 0.9359375 0.2828125 0.00859375 0.025
2 0.95 0.203125 0.0078125 0.028125
2 0.98046875 0.1875 0.00703125 0.021875
2 0.9859375 0.18515625 0.01015625 0.021875
2 0.98984375 0.13046875 0.0078125 0.01875
2 0.97890625 0.12578125 0.00703125 0.02265625
2 0.9765625 0.11328125 0.00703125 0.0203125