0 0.39765625 0.68984375 0.11171875 0.24921875
0 0.52265625 0.88359375 0.14453125 0.23203125
2 0.3875 0.85390625 0.01796875 0.06640625
2 0.675 0.759375 0.01171875 0.07734375
2 0.3140625 0.73203125 0.0125 0.0375
2 0.29609375 0.72421875 0.01484375 0.0578125
2 0.30546875 0.69609375 0.01640625 0.0453125
2 0.290625 0.66796875 0.01640625 0.0578125
2 0.2640625 0.678125 0.01328125 0.065625
2 0.27734375 0.60625 0.01875 0.08125
2 0.2296875 0.67421875 0.01875 0.07421875
2 0.1453125 0.72265625 0.015625 0.05234375
2 0.234375 0.5484375 0.01875 0.065625
2 0.13984375 0.5421875 0.015625 0.05625
2 0.09296875 0.6421875 0.01640625 0.071875
2 0.07734375 0.71015625 0.028125 0.075
2 0.05234375 0.51171875 0.02109375 0.05703125
2 0.0484375 0.46171875 0.01328125 0.06015625
1 0.159375 0.08125 0.04765625 0.084375
2 0.19453125 0.36796875 0.015625 0.05546875
2 0.215625 0.34921875 0.0140625 0.0671875
2 0.21796875 0.48828125 0.01015625 0.0703125
2 0.2125 0.4484375 0.009375 0.0546875
2 0.20625 0.43359375 0.00859375 0.0515625
2 0.51640625 0.02265625 0.01015625 0.0453125
2 0.53359375 0.08046875 0.01171875 0.06171875
2 0.56640625 0.0734375 0.01015625 0.04609375
2 0.5765625 0.13671875 0.01328125 0.04765625
2 0.59453125 0.10546875 0.00859375 0.053125
2 0.590625 0.1484375 0.009375 0.0625
2 0.98984375 0.74921875 0.01328125 0.05859375
2 0.80625 0.4765625 0.0125 0.0578125
2 0.76875 0.4515625 0.0140625 0.0671875
2 0.7953125 0.47265625 0.0125 0.0640625
2 0.784375 0.46875 0.00859375 0.0578125
2 0.76015625 0.3859375 0.0140625 0.065625
2 0.7828125 0.33828125 0.01171875 0.059375
2 0.8984375 0.253125 0.0140625 0.059375
2 0.75546875 0.35 0.0078125 0.04921875
2 0.73203125 0.3875 0.01484375 0.05546875
2 0.7234375 0.35 0.01015625 0.0453125
2 0.68828125 0.30390625 0.01171875 0.03359375
2 0.646875 0.26171875 0.0125 0.04140625
2 0.60859375 0.1953125 0.0078125 0.04765625
2 0.6609375 0.24375 0.009375 0.059375
2 0.67109375 0.2359375 0.01015625 0.0375
2 0.6796875 0.2734375 0.00859375 0.0421875
2 0.7578125 0.02265625 0.01328125 0.04453125
2 0.77421875 0.07109375 0.00859375 0.03359375
2 0.80390625 0.07578125 0.00859375 0.04453125
2 0.89921875 0.0546875 0.00859375 0.0390625
2 0.959375 0.08203125 0.0109375 0.05859375
2 0.9375 0.13671875 0.009375 0.04296875
2 0.975 0.2140625 0.0140625 0.0546875
2 0.97109375 0.278125 0.01328125 0.04921875
2 0.98125 0.26640625 0.00703125 0.040625
2 0.9953125 0.28671875 0.009375 0.05703125
2 0.9859375 0.28984375 0.009375 0.06171875
2 0.6421875 0.1109375 0.00703125 0.01171875
2 0.64921875 0.11875 0.00703125 0.0125
2 0.65859375 0.128125 0.0078125 0.01640625
0 0.73203125 0.18203125 0.15703125 0.23984375
0 0.77578125 0.165625 0.15703125 0.24140625