2 0.86171875 0.67421875 0.0125 0.0515625
2 0.77890625 0.6625 0.01328125 0.0421875
2 0.8859375 0.690625 0.01015625 0.053125
2 0.80390625 0.5078125 0.01015625 0.0421875
2 0.753125 0.50703125 0.009375 0.04296875
2 0.89453125 0.565625 0.0078125 0.02734375
2 0.75234375 0.65625 0.01015625 0.03515625
2 0.74609375 0.534375 0.0078125 0.02578125
2 0.73359375 0.6328125 0.00625 0.04375
2 0.7234375 0.628125 0.00625 0.03984375
2 0.71640625 0.6421875 0.009375 0.04453125
2 0.7015625 0.628125 0.009375 0.04765625
2 0.6796875 0.6125 0.0125 0.04375
2 0.66875 0.6 0.00859375 0.04921875
2 0.77890625 0.4703125 0.00859375 0.03515625
2 0.61875 0.55390625 0.01171875 0.0375
2 0.5921875 0.5359375 0.0078125 0.03125
2 0.55 0.41171875 0.00859375 0.04375
2 0.4859375 0.49296875 0.00859375 0.04296875
2 0.440625 0.4796875 0.009375 0.0515625
2 0.5359375 0.371875 0.00859375 0.0328125
2 0.50859375 0.3546875 0.0078125 0.03046875
2 0.37421875 0.28671875 0.00625 0.02265625
2 0.3796875 0.2796875 0.00625 0.0234375
2 0.39140625 0.26328125 0.00625 0.02734375
2 0.396875 0.26640625 0.0078125 0.02265625
2 0.4140625 0.24765625 0.0046875 0.02109375
2 0.42421875 0.23828125 0.0078125 0.02265625
2 0.43125 0.2484375 0.0046875 0.0234375
2 0.4453125 0.24140625 0.00625 0.021875
2 0.4609375 0.234375 0.00625 0.0203125
2 0.4484375 0.22734375 0.00625 0.021875
2 0.50703125 0.2015625 0.0046875 0.0234375
2 0.5171875 0.2 0.0046875 0.02421875
2 0.4921875 0.21953125 0.00703125 0.0203125
2 0.496875 0.21171875 0.0046875 0.0234375
2 0.571875 0.18125 0.00703125 0.025
2 0.60546875 0.1640625 0.0046875 0.01796875
2 0.50078125 0.20078125 0.00546875 0.01640625
2 0.45 0.178125 0.0046875 0.015625
2 0.4734375 0.2234375 0.00390625 0.0171875
2 0.42734375 0.31953125 0.00703125 0.0234375