0 0.51875 0.878125 0.171875 0.24375
0 0.53125 0.215625 0.125 0.21484375
2 0.1890625 0.94140625 0.01171875 0.07890625
2 0.309375 0.7 0.009375 0.0625
2 0.2984375 0.734375 0.01015625 0.05078125
2 0.29140625 0.6828125 0.009375 0.05703125
2 0.2359375 0.70859375 0.0140625 0.075
2 0.23046875 0.69921875 0.01328125 0.075
2 0.26015625 0.66015625 0.0125 0.0734375
2 0.2484375 0.60703125 0.01015625 0.0640625
2 0.18359375 0.69375 0.015625 0.0640625
2 0.184375 0.6234375 0.009375 0.0625
2 0.22265625 0.48984375 0.0140625 0.06171875
2 0.21640625 0.46796875 0.0109375 0.0609375
2 0.21328125 0.4796875 0.00859375 0.0671875
2 0.2078125 0.44140625 0.01015625 0.04765625
2 0.2046875 0.43203125 0.009375 0.04453125
2 0.2015625 0.41015625 0.01015625 0.05234375
2 0.0734375 0.4984375 0.01015625 0.0609375
2 0.0609375 0.50390625 0.01015625 0.06015625
0 0.971875 0.3609375 0.05625 0.0578125
0 0.71484375 0.1546875 0.15 0.21796875
2 0.95625 0.20859375 0.01171875 0.04609375
2 0.95078125 0.065625 0.01171875 0.0453125
2 0.8796875 0.14765625 0.0125 0.05
2 0.84765625 0.1828125 0.01015625 0.0515625
2 0.9 0.565625 0.0125 0.07265625
2 0.815625 0.1671875 0.00546875 0.05546875
2 0.92578125 0.0421875 0.01171875 0.04765625
2 0.79921875 0.084375 0.0125 0.04453125
2 0.8046875 0.06015625 0.009375 0.03125
2 0.93671875 0.32109375 0.0125 0.053125
2 0.94921875 0.31796875 0.01171875 0.03984375
2 0.9640625 0.31484375 0.0125 0.028125
2 0.7140625 0.0625 0.009375 0.04296875
2 0.83828125 0.084375 0.01015625 0.04140625
2 0.846875 0.0859375 0.00859375 0.04609375
2 0.85234375 0.07109375 0.01015625 0.0421875
2 0.8109375 0.35546875 0.015625 0.05546875
2 0.83984375 0.26640625 0.0140625 0.0515625
2 0.8515625 0.26640625 0.00859375 0.04765625
2 0.85546875 0.28125 0.01328125 0.053125
2 0.79296875 0.30625 0.0078125 0.0578125
2 0.7828125 0.321875 0.01171875 0.0609375
2 0.7640625 0.3359375 0.009375 0.0421875
2 0.75546875 0.3546875 0.00859375 0.05546875
2 0.77421875 0.37890625 0.01640625 0.05859375
2 0.75546875 0.4109375 0.00859375 0.06484375
2 0.7296875 0.3734375 0.0109375 0.05703125
2 0.7078125 0.31328125 0.0109375 0.05234375
2 0.725 0.32265625 0.0078125 0.046875
2 0.54296875 0.0390625 0.01015625 0.04140625
2 0.5546875 0.1296875 0.01015625 0.0515625
2 0.5875 0.140625 0.0109375 0.04375
2 0.5796875 0.12734375 0.009375 0.0546875
2 0.5671875 0.13203125 0.0109375 0.0546875
2 0.6171875 0.25078125 0.01171875 0.04765625
2 0.6265625 0.26328125 0.009375 0.04453125
2 0.64453125 0.2828125 0.01328125 0.05234375
2 0.69609375 0.29921875 0.0109375 0.04140625
2 0.69375 0.2640625 0.0078125 0.04609375
2 0.6765625 0.26640625 0.009375 0.0515625
2 0.6703125 0.25859375 0.0078125 0.06015625
2 0.65859375 0.234375 0.00703125 0.05625
2 0.6328125 0.22734375 0.01015625 0.0484375
1 0.6921875 0.39375 0.09296875 0.16875
2 0.97421875 0.7828125 0.015625 0.07265625
2 0.98984375 0.81328125 0.0203125 0.07734375
2 0.2578125 0.7546875 0.02109375 0.03359375
1 0.165625 0.1109375 0.04140625 0.10625