0 0.53203125 0.82734375 0.20390625 0.32734375
0 0.47890625 0.13515625 0.1125 0.18046875
0 0.7203125 0.175 0.165625 0.2453125
1 0.34765625 0.65546875 0.12734375 0.2296875
1 0.34609375 0.4390625 0.0765625 0.18984375
1 0.44296875 0.584375 0.15078125 0.17109375
2 0.89609375 0.03203125 0.01328125 0.04765625
2 0.9171875 0.290625 0.01640625 0.06015625
2 0.8375 0.15546875 0.01328125 0.05703125
2 0.93515625 0.59140625 0.0171875 0.06484375
2 0.7890625 0.38046875 0.0140625 0.06484375
2 0.7953125 0.32578125 0.0109375 0.05234375
2 0.7671875 0.34921875 0.01171875 0.0671875
2 0.7484375 0.3828125 0.00859375 0.0359375
2 0.659375 0.28203125 0.01484375 0.053125
2 0.7078125 0.34921875 0.01328125 0.06328125
2 0.7359375 0.334375 0.0125 0.03046875
2 0.71875 0.34296875 0.0109375 0.06953125
2 0.76953125 0.05546875 0.009375 0.04609375
2 0.78515625 0.0375 0.01015625 0.04765625
2 0.80078125 0.04375 0.0125 0.05234375
2 0.54765625 0.05390625 0.01015625 0.0546875
2 0.63203125 0.21875 0.009375 0.06015625
2 0.66953125 0.25078125 0.0125 0.0671875
2 0.6546875 0.23984375 0.01328125 0.0484375
2 0.5984375 0.08828125 0.009375 0.034375
2 0.56328125 0.090625 0.0078125 0.06328125
2 0.54921875 0.13203125 0.0140625 0.053125
2 0.55625 0.1171875 0.0109375 0.05
2 0.55859375 0.16328125 0.0125 0.04609375
2 0.56953125 0.1796875 0.009375 0.0578125
2 0.60390625 0.19296875 0.01484375 0.0453125
2 0.57421875 0.084375 0.00625 0.053125
2 0.58828125 0.15546875 0.0140625 0.07265625
2 0.57578125 0.1421875 0.01015625 0.06484375
2 0.5828125 0.10390625 0.00625 0.04375
2 0.58984375 0.09921875 0.00625 0.028125
2 0.6703125 0.0171875 0.01328125 0.034375
1 0.74453125 0.471875 0.134375 0.25546875