1 0.2921875 0.53046875 0.0953125 0.21796875
1 0.9421875 0.3984375 0.115625 0.234375
1 0.59453125 0.2796875 0.09375 0.16640625
1 0.478125 0.11015625 0.06796875 0.125
1 0.16171875 0.090625 0.07265625 0.121875
0 0.50546875 0.87265625 0.17265625 0.2484375
0 0.6140625 0.0203125 0.08359375 0.03984375
0 0.89609375 0.3703125 0.14609375 0.21328125
2 0.99140625 0.14921875 0.01328125 0.04375
2 0.95546875 0.134375 0.01015625 0.04375
2 0.98671875 0.33984375 0.01328125 0.0515625
2 0.996875 0.3375 0.00390625 0.06953125
2 0.953125 0.25625 0.009375 0.0515625
2 0.91015625 0.20390625 0.01171875 0.053125
2 0.90078125 0.2640625 0.00859375 0.05078125
2 0.88125 0.26171875 0.0078125 0.04609375
2 0.90546875 0.0765625 0.01484375 0.0359375
2 0.8375 0.078125 0.01484375 0.046875
2 0.7890625 0.153125 0.0125 0.0484375
2 0.7640625 0.11640625 0.0109375 0.0390625
2 0.5375 0.06328125 0.0109375 0.046875
2 0.52109375 0.1359375 0.01171875 0.06328125
2 0.9078125 0.52890625 0.01328125 0.06171875
2 0.95234375 0.6921875 0.0140625 0.04921875
2 0.56171875 0.11484375 0.009375 0.05
2 0.5625 0.16484375 0.01015625 0.05390625
2 0.575 0.11484375 0.01015625 0.0484375
2 0.8125 0.3859375 0.01015625 0.0703125
2 0.8 0.36796875 0.009375 0.06484375
2 0.7609375 0.4203125 0.01328125 0.06875
2 0.73203125 0.40859375 0.0109375 0.06015625
2 0.78046875 0.3875 0.01328125 0.06171875
2 0.78828125 0.353125 0.0109375 0.05546875
2 0.7890625 0.315625 0.01015625 0.0296875
2 0.7703125 0.3375 0.00859375 0.0546875
2 0.75546875 0.3515625 0.00703125 0.053125
2 0.72109375 0.221875 0.01015625 0.0359375
2 0.7 0.32890625 0.0140625 0.059375
2 0.68125 0.30234375 0.0109375 0.0546875
2 0.66640625 0.30625 0.0109375 0.05625
2 0.671875 0.26875 0.00859375 0.04375
2 0.6546875 0.2359375 0.01015625 0.06171875
2 0.678125 0.265625 0.01015625 0.0453125
2 0.6390625 0.2421875 0.0078125 0.06015625
2 0.5828125 0.1609375 0.0078125 0.06328125
2 0.5734375 0.15546875 0.0078125 0.05703125
1 0.64140625 0.5796875 0.12109375 0.2203125
2 0.39453125 0.86484375 0.01484375 0.0515625
2 0.41171875 0.91484375 0.01484375 0.05390625
2 0.33125 0.76328125 0.01640625 0.06328125
2 0.02421875 0.81953125 0.01640625 0.0609375
2 0.05859375 0.74453125 0.02265625 0.06796875
2 0.0484375 0.57109375 0.02109375 0.06796875
2 0.01796875 0.378125 0.01328125 0.0640625
2 0.05 0.4515625 0.0140625 0.059375
2 0.28203125 0.73359375 0.01953125 0.05
2 0.1890625 0.596875 0.01328125 0.06640625
2 0.1640625 0.27109375 0.01328125 0.03671875
2 0.2625 0.7015625 0.0140625 0.07578125
2 0.25390625 0.6140625 0.0078125 0.034375
2 0.196875 0.4953125 0.0125 0.0609375
2 0.19453125 0.365625 0.00859375 0.03359375
2 0.24296875 0.621875 0.0078125 0.06953125
2 0.22890625 0.5140625 0.01640625 0.053125
2 0.234375 0.534375 0.00078125 0.0046875
2 0.20703125 0.43203125 0.00859375 0.0390625
2 0.21875 0.47421875 0.01328125 0.04453125
2 0.2359375 0.5765625 0.00859375 0.0484375
2 0.25703125 0.64140625 0.0125 0.06640625
2 0.2125 0.45234375 0.01015625 0.04140625
2 0.203125 0.41171875 0.0125 0.0484375