1 0.7078125 0.5265625 0.103125 0.19765625
1 0.590625 0.6671875 0.09609375 0.18046875
0 0.28671875 0.165625 0.15546875 0.2421875
0 0.10546875 0.396875 0.15 0.271875
2 0.11875 0.2453125 0.0140625 0.05234375
2 0.13203125 0.121875 0.0125 0.0359375
2 0.1578125 0.1421875 0.01328125 0.05234375
2 0.2171875 0.11796875 0.009375 0.03359375
2 0.20546875 0.10859375 0.01171875 0.04609375
2 0.325 0.02890625 0.01328125 0.03671875
2 0.52421875 0.02265625 0.0125 0.04140625
2 0.51171875 0.03984375 0.00859375 0.0484375
2 0.4671875 0.0234375 0.01015625 0.0453125
2 0.45234375 0.02890625 0.01171875 0.04921875
2 0.45625 0.1375 0.0109375 0.05234375
2 0.43828125 0.12421875 0.009375 0.053125
2 0.421875 0.096875 0.01015625 0.0453125
2 0.35390625 0.015625 0.0078125 0.03125
2 0.4171875 0.1296875 0.00546875 0.04765625
2 0.43046875 0.15 0.0078125 0.0453125
2 0.3859375 0.24140625 0.0125 0.04765625
2 0.40703125 0.17578125 0.0109375 0.05234375
2 0.39140625 0.18984375 0.00703125 0.05625
2 0.35234375 0.25859375 0.0125 0.0578125
2 0.3421875 0.30234375 0.01484375 0.05234375
2 0.31015625 0.35234375 0.0078125 0.05234375
2 0.32734375 0.275 0.01171875 0.0421875
2 0.3328125 0.24765625 0.0140625 0.0453125
2 0.34609375 0.23046875 0.0078125 0.04140625
2 0.2671875 0.22109375 0.0078125 0.025
2 0.284375 0.2171875 0.009375 0.0390625
2 0.27890625 0.3734375 0.01484375 0.0578125
2 0.253125 0.41328125 0.01015625 0.0625
2 0.240625 0.40546875 0.01328125 0.0640625
2 0.21484375 0.4015625 0.0125 0.05859375
2 0.22421875 0.38828125 0.009375 0.0484375
2 0.1984375 0.3890625 0.0125 0.06484375
2 0.1890625 0.38203125 0.01015625 0.065625
2 0.1875 0.340625 0.01015625 0.04140625
2 0.23359375 0.3453125 0.00703125 0.0515625
2 0.29765625 0.31484375 0.01015625 0.06015625
2 0.3609375 0.20859375 0.00859375 0.053125
2 0.21171875 0.30390625 0.00546875 0.040625
2 0.2484375 0.3671875 0.009375 0.04296875
2 0.25546875 0.3734375 0.01015625 0.0546875
2 0.1890625 0.50859375 0.01328125 0.08046875
2 0.98203125 0.38671875 0.015625 0.06171875
2 0.8265625 0.39375 0.015625 0.05859375
2 0.59296875 0.88203125 0.0171875 0.07265625
2 0.57265625 0.91953125 0.01484375 0.07265625
2 0.63984375 0.8546875 0.01484375 0.0359375
2 0.72890625 0.73515625 0.01171875 0.075
2 0.74140625 0.70078125 0.01484375 0.065625
2 0.7484375 0.62734375 0.0109375 0.05078125
2 0.7671875 0.60546875 0.0140625 0.0671875
2 0.75703125 0.6515625 0.0109375 0.08203125
2 0.7984375 0.42109375 0.01171875 0.04453125
2 0.79375 0.43671875 0.009375 0.05234375
2 0.778125 0.4890625 0.0125 0.0390625
2 0.77578125 0.51640625 0.01171875 0.053125
2 0.76875 0.54609375 0.01484375 0.05234375
2 0.78828125 0.45078125 0.00703125 0.04765625