1 0.7078125 0.52265625 0.0984375 0.19609375
1 0.1625 0.62890625 0.121875 0.20546875
0 0.484375 0.878125 0.1734375 0.24375
0 0.2765625 0.1625 0.14609375 0.2203125
2 0.98515625 0.6265625 0.01015625 0.0390625
2 0.96796875 0.65 0.0171875 0.06953125
2 0.95625 0.83828125 0.01015625 0.06953125
2 0.76953125 0.6984375 0.01640625 0.07421875
2 0.725 0.7 0.01640625 0.07109375
2 0.759375 0.6609375 0.01015625 0.07109375
2 0.73515625 0.665625 0.01484375 0.0734375
2 0.75703125 0.6984375 0.01328125 0.06640625
2 0.7734375 0.54765625 0.0109375 0.0625
2 0.778125 0.52109375 0.01015625 0.0578125
2 0.8 0.3984375 0.01015625 0.040625
2 0.7921875 0.45 0.01171875 0.06328125
2 0.78671875 0.4625 0.009375 0.05859375
2 0.7796875 0.48203125 0.01171875 0.0484375
2 0.77734375 0.490625 0.01328125 0.0375
2 0.0734375 0.37890625 0.0140625 0.0609375
2 0.1140625 0.30625 0.0125 0.0578125
2 0.0640625 0.35390625 0.01015625 0.05390625
2 0.1703125 0.2796875 0.01015625 0.0484375
2 0.19453125 0.35 0.0125 0.05625
2 0.21015625 0.328125 0.0125 0.0546875
2 0.2453125 0.353125 0.01015625 0.04609375
2 0.0203125 0.16953125 0.01015625 0.04453125
2 0.00703125 0.08671875 0.0125 0.040625
2 0.03203125 0.153125 0.0078125 0.0421875
2 0.04296875 0.13671875 0.01015625 0.046875
2 0.0203125 0.146875 0.0109375 0.03125
2 0.06015625 0.1296875 0.0125 0.0421875
2 0.05625 0.0953125 0.0078125 0.034375
2 0.07578125 0.1109375 0.01015625 0.05
2 0.090625 0.0484375 0.009375 0.040625
2 0.10703125 0.075 0.00859375 0.04609375
2 0.18828125 0.03515625 0.01171875 0.040625
2 0.1515625 0.053125 0.01171875 0.0328125
2 0.1546875 0.0765625 0.0109375 0.05078125
2 0.26953125 0.059375 0.0125 0.0375
2 0.2609375 0.04609375 0.0125 0.046875
2 0.096875 0.25078125 0.0125 0.04765625
2 0.13203125 0.2328125 0.01171875 0.05390625
2 0.10703125 0.2328125 0.01171875 0.05390625
2 0.30625 0.02578125 0.009375 0.0515625
2 0.315625 0.02421875 0.0078125 0.04609375
2 0.40390625 0.07734375 0.009375 0.04453125
2 0.45703125 0.04296875 0.01171875 0.0515625
2 0.478125 0.08359375 0.01171875 0.0484375
2 0.46875 0.1234375 0.009375 0.046875
2 0.44921875 0.1203125 0.009375 0.05
2 0.44140625 0.13671875 0.01015625 0.0546875
2 0.42734375 0.1171875 0.01015625 0.0421875
2 0.4140625 0.13203125 0.0109375 0.034375
2 0.3875 0.2515625 0.01328125 0.05
2 0.37890625 0.265625 0.0078125 0.046875
2 0.3671875 0.2671875 0.0140625 0.05234375
2 0.34921875 0.3015625 0.0109375 0.04453125
2 0.3578125 0.28984375 0.01015625 0.05546875
2 0.26328125 0.33359375 0.01015625 0.04296875
2 0.240625 0.40546875 0.00859375 0.06015625
2 0.24765625 0.4125 0.01484375 0.06484375
2 0.284375 0.34453125 0.009375 0.0546875
2 0.3265625 0.33515625 0.0109375 0.06015625
2 0.29140625 0.31484375 0.0078125 0.05390625
2 0.32578125 0.309375 0.009375 0.04765625
2 0.3046875 0.26484375 0.01015625 0.05078125
2 0.30390625 0.30625 0.01328125 0.0578125
2 0.30390625 0.32734375 0.00703125 0.0484375
2 0.3296875 0.2515625 0.01015625 0.05390625
2 0.40546875 0.16640625 0.01015625 0.05078125
2 0.26328125 0.41015625 0.0125 0.0546875
2 0.09765625 0.5265625 0.01640625 0.06875
2 0.01015625 0.70625 0.01875 0.0421875
2 0.0421875 0.67578125 0.009375 0.0625
2 0.05625 0.678125 0.015625 0.05859375