2 0.0921875 0.56015625 0.01484375 0.06328125
2 0.13984375 0.56875 0.01796875 0.0640625
2 0.096875 0.321875 0.01640625 0.0546875
2 0.1328125 0.2640625 0.01640625 0.059375
2 0.109375 0.2234375 0.01484375 0.05859375
2 0.0953125 0.18359375 0.01328125 0.06015625
2 0.1328125 0.321875 0.0140625 0.05390625
2 0.11875 0.3703125 0.01328125 0.04609375
2 0.1640625 0.33671875 0.01484375 0.0546875
2 0.25390625 0.3734375 0.009375 0.02578125
2 0.2640625 0.353125 0.0109375 0.040625
2 0.28359375 0.34375 0.0109375 0.03359375
2 0.3265625 0.32734375 0.01015625 0.053125
2 0.33359375 0.31015625 0.01015625 0.05546875
2 0.334375 0.2515625 0.01171875 0.0515625
2 0.32265625 0.26796875 0.00859375 0.05625
2 0.38203125 0.2390625 0.01015625 0.0515625
2 0.3859375 0.19921875 0.01015625 0.0484375
2 0.40703125 0.171875 0.00859375 0.046875
2 0.309375 0.26171875 0.01015625 0.046875
2 0.26015625 0.08125 0.01171875 0.04140625
2 0.2765625 0.040625 0.01171875 0.0359375
2 0.096875 0.04921875 0.01171875 0.04453125
2 0.109375 0.04609375 0.01171875 0.04296875
2 0.165625 0.06171875 0.0125 0.046875
2 0.1796875 0.0375 0.00703125 0.04375
2 0.2546875 0.02109375 0.0078125 0.03984375
2 0.4125 0.09140625 0.01015625 0.046875
2 0.4734375 0.02421875 0.00859375 0.0390625
2 0.46953125 0.11875 0.0125 0.05390625
2 0.45546875 0.1015625 0.009375 0.05546875
0 0.246875 0.49921875 0.17578125 0.2859375
0 0.2625 0.19296875 0.15390625 0.25859375
1 0.83203125 0.1015625 0.03125 0.08046875
1 0.76796875 0.28203125 0.07890625 0.16328125
2 0.97890625 0.7 0.01328125 0.0609375
2 0.9671875 0.75625 0.01171875 0.075
2 0.8328125 0.65078125 0.01484375 0.0703125
2 0.89453125 0.703125 0.01484375 0.07109375
2 0.88203125 0.759375 0.01953125 0.07109375
2 0.54296875 0.984375 0.01484375 0.025
2 0.5640625 0.97734375 0.01328125 0.04375
2 0.5984375 0.8796875 0.0140625 0.0515625
2 0.571875 0.9140625 0.01640625 0.053125
2 0.575 0.94453125 0.0109375 0.05
2 0.62421875 0.8484375 0.01484375 0.065625
2 0.64375 0.828125 0.01640625 0.071875
2 0.61875 0.75859375 0.01328125 0.0890625
2 0.6390625 0.77890625 0.01484375 0.07421875
2 0.64375 0.70546875 0.015625 0.08046875
2 0.684375 0.71171875 0.0125 0.078125
2 0.67578125 0.69296875 0.01015625 0.075
2 0.71875 0.74296875 0.01171875 0.046875
2 0.759375 0.6734375 0.01484375 0.078125
2 0.7125 0.7015625 0.01484375 0.07109375
2 0.7078125 0.68828125 0.01171875 0.0734375
2 0.71953125 0.66640625 0.01015625 0.05859375
2 0.7953125 0.6828125 0.009375 0.065625
2 0.78046875 0.60546875 0.01171875 0.07421875
2 0.8453125 0.57578125 0.0171875 0.06171875
2 0.74921875 0.628125 0.01015625 0.06875
2 0.77734375 0.5484375 0.015625 0.06796875
2 0.74609375 0.59765625 0.0125 0.06015625
2 0.75390625 0.57734375 0.01171875 0.046875
2 0.76171875 0.55625 0.0078125 0.05546875
2 0.75859375 0.534375 0.01171875 0.06015625
2 0.79140625 0.4390625 0.01328125 0.06171875
2 0.78515625 0.4828125 0.01015625 0.06015625
2 0.77734375 0.48984375 0.009375 0.05390625
2 0.76953125 0.50390625 0.00703125 0.04375
2 0.0265625 0.55234375 0.0140625 0.03984375
2 0.0203125 0.22890625 0.01328125 0.05078125
2 0.059375 0.2265625 0.009375 0.05234375
2 0.065625 0.18671875 0.0109375 0.05546875