2 0.96640625 0.70859375 0.01796875 0.07109375
2 0.61953125 0.94453125 0.02109375 0.08046875
2 0.36796875 0.9359375 0.01796875 0.06953125
2 0.63515625 0.79921875 0.01640625 0.07421875
2 0.615625 0.82421875 0.01328125 0.05390625
2 0.5984375 0.890625 0.01171875 0.05625
2 0.59609375 0.85078125 0.0203125 0.065625
2 0.60390625 0.86328125 0.00625 0.04453125
2 0.565625 0.9625 0.01328125 0.053125
2 0.765625 0.76328125 0.01640625 0.03515625
2 0.715625 0.73984375 0.0109375 0.04296875
2 0.70234375 0.6421875 0.01484375 0.0453125
2 0.7078125 0.68984375 0.015625 0.071875
2 0.8 0.41484375 0.01484375 0.059375
2 0.828125 0.62109375 0.01953125 0.05703125
2 0.81796875 0.57109375 0.01953125 0.06328125
2 0.7921875 0.68515625 0.01171875 0.078125
2 0.76328125 0.6625 0.01171875 0.06953125
2 0.7421875 0.5921875 0.01015625 0.05625
2 0.7453125 0.709375 0.01484375 0.071875
1 0.29375 0.5625 0.11171875 0.19921875
2 0.0796875 0.63828125 0.015625 0.0734375
2 0.0234375 0.609375 0.01484375 0.053125
2 0.10390625 0.52890625 0.009375 0.071875
2 0.240625 0.390625 0.0109375 0.059375
2 0.21640625 0.35 0.0125 0.05703125
2 0.17265625 0.2890625 0.0125 0.059375
2 0.10625 0.39453125 0.01015625 0.03984375
2 0.071875 0.8953125 0.01875 0.06875
2 0.14765625 0.9453125 0.02109375 0.07421875
2 0.040625 0.853125 0.01796875 0.06015625
2 0.09375 0.915625 0.01640625 0.0765625
2 0.10390625 0.87890625 0.01875 0.06015625
2 0.02890625 0.8890625 0.0171875 0.075
2 0.14921875 0.88359375 0.01171875 0.071875
2 0.03515625 0.303125 0.0109375 0.06015625
2 0.071875 0.25625 0.0109375 0.0515625
2 0.10078125 0.23671875 0.01484375 0.0609375
2 0.3671875 0.30390625 0.01171875 0.04609375
2 0.38828125 0.234375 0.00859375 0.05078125
2 0.07265625 0.034375 0.0140625 0.0484375
2 0.0984375 0.028125 0.00859375 0.03828125
2 0.19765625 0.11640625 0.01015625 0.04453125
2 0.28671875 0.0234375 0.009375 0.046875
2 0.271875 0.03671875 0.00703125 0.03671875
2 0.25703125 0.03203125 0.0109375 0.0390625
2 0.0515625 0.19296875 0.01328125 0.046875
2 0.04609375 0.17734375 0.00625 0.0359375
2 0.05625 0.18046875 0.009375 0.03984375
2 0.46015625 0.096875 0.01015625 0.0484375
2 0.44453125 0.06953125 0.00859375 0.04609375
2 0.44609375 0.028125 0.00859375 0.03359375
2 0.49140625 0.02109375 0.00859375 0.0390625
2 0.41484375 0.09453125 0.009375 0.04453125
2 0.40703125 0.1734375 0.01328125 0.0453125
2 0.415625 0.14296875 0.01171875 0.05078125
2 0.39453125 0.20390625 0.0125 0.04453125
2 0.3671875 0.21953125 0.0109375 0.05078125
2 0.30625 0.26875 0.0109375 0.05546875
2 0.246875 0.3515625 0.0125 0.05859375
2 0.3234375 0.26953125 0.009375 0.05625
2 0.3375 0.2328125 0.0109375 0.03828125
2 0.35 0.28203125 0.00859375 0.053125
2 0.359375 0.278125 0.01015625 0.0546875
1 0.31328125 0.39375 0.09140625 0.16875