0 0.909375 0.765625 0.1796875 0.16328125
2 0.15703125 0.37421875 0.009375 0.03359375
2 0.17578125 0.42578125 0.009375 0.03828125
2 0.3046875 0.37421875 0.00859375 0.0328125
2 0.17421875 0.31484375 0.009375 0.01796875
2 0.240625 0.4046875 0.01171875 0.034375
2 0.2765625 0.5390625 0.0078125 0.03515625
2 0.2875 0.553125 0.0109375 0.03359375
2 0.29765625 0.546875 0.01015625 0.03984375
2 0.3 0.5234375 0.00859375 0.02734375
2 0.31796875 0.5546875 0.00859375 0.0375
2 0.43984375 0.575 0.0125 0.03671875
2 0.50859375 0.6 0.0125 0.0359375
2 0.5546875 0.5765625 0.0078125 0.03671875
2 0.575 0.625 0.01171875 0.0359375
2 0.55703125 0.375 0.0125 0.03828125
2 0.6046875 0.4234375 0.00859375 0.03671875
2 0.6265625 0.4515625 0.0109375 0.03203125
2 0.63671875 0.4921875 0.009375 0.0390625
2 0.6515625 0.60390625 0.009375 0.0375
2 0.73984375 0.38359375 0.0109375 0.028125
2 0.7390625 0.35546875 0.01015625 0.028125
2 0.74453125 0.3484375 0.00859375 0.03671875
2 0.7578125 0.34609375 0.00859375 0.04140625
2 0.76796875 0.346875 0.00859375 0.04296875
2 0.81171875 0.28125 0.00859375 0.0265625
2 0.5984375 0.61875 0.0140625 0.0375
2 0.61015625 0.61875 0.0125 0.03828125
2 0.61953125 0.5953125 0.00703125 0.0359375
2 0.6234375 0.59765625 0.00859375 0.03046875
2 0.6765625 0.62890625 0.01015625 0.03515625
2 0.6828125 0.6484375 0.0140625 0.04296875
2 0.72734375 0.6078125 0.00703125 0.0421875
2 0.7328125 0.6078125 0.0109375 0.0359375
2 0.74921875 0.634375 0.0078125 0.040625
2 0.7609375 0.60625 0.0109375 0.04140625
2 0.784375 0.596875 0.01171875 0.04296875
2 0.82578125 0.5921875 0.01015625 0.03671875
2 0.8046875 0.6484375 0.0125 0.03828125
2 0.83125 0.63984375 0.01171875 0.040625
2 0.846875 0.6296875 0.009375 0.03671875
2 0.85234375 0.65625 0.01171875 0.03671875
2 0.875 0.57265625 0.009375 0.040625
2 0.90546875 0.60234375 0.00859375 0.03828125
2 0.91875 0.68203125 0.01171875 0.0359375
2 0.928125 0.65859375 0.0109375 0.034375
2 0.9390625 0.67265625 0.0125 0.0375
2 0.940625 0.34765625 0.00859375 0.03359375
2 0.9484375 0.3484375 0.01015625 0.03515625
2 0.98359375 0.24609375 0.0078125 0.025
2 0.97421875 0.1984375 0.0078125 0.02421875
2 0.97109375 0.165625 0.00703125 0.02421875
2 0.9796875 0.17890625 0.009375 0.01796875
2 0.978125 0.13515625 0.009375 0.025
2 0.99140625 0.13828125 0.00859375 0.02109375
2 0.9875 0.1671875 0.00703125 0.028125
2 0.9921875 0.16875 0.00859375 0.02421875