0 0.42265625 0.6484375 0.16875 0.1328125
2 0.0921875 0.3953125 0.0078125 0.03203125
2 0.0484375 0.5125 0.009375 0.0265625
2 0.1453125 0.52421875 0.00859375 0.03515625
2 0.08125 0.35625 0.01171875 0.03515625
2 0.19921875 0.19921875 0.0046875 0.0328125
2 0.30703125 0.37109375 0.01015625 0.04375
2 0.18125 0.434375 0.009375 0.02421875
2 0.25625 0.56328125 0.0125 0.028125
2 0.28046875 0.53359375 0.0140625 0.03125
2 0.2984375 0.5234375 0.00859375 0.03828125
2 0.3203125 0.5515625 0.0109375 0.0359375
2 0.6453125 0.39296875 0.00703125 0.0296875
2 0.65625 0.40078125 0.01015625 0.03359375
2 0.58671875 0.5875 0.00625 0.040625
2 0.596875 0.5875 0.0109375 0.0390625
2 0.6203125 0.61484375 0.0109375 0.03359375
2 0.6609375 0.6015625 0.00859375 0.03828125
2 0.6265625 0.60234375 0.00859375 0.03359375
2 0.63359375 0.603125 0.00703125 0.0265625
2 0.665625 0.55234375 0.00859375 0.0328125
2 0.66796875 0.63671875 0.009375 0.03828125
2 0.78984375 0.6375 0.009375 0.034375
2 0.74765625 0.40390625 0.00859375 0.0328125
2 0.69296875 0.365625 0.01015625 0.0359375
2 0.778125 0.40546875 0.01015625 0.0296875
2 0.78828125 0.4140625 0.009375 0.03671875
2 0.7390625 0.34921875 0.0078125 0.0328125
2 0.746875 0.353125 0.00859375 0.0375
2 0.87578125 0.56953125 0.00703125 0.03828125
2 0.86796875 0.60234375 0.0078125 0.0390625
2 0.996875 0.5609375 0.00546875 0.02890625
2 0.96015625 0.4484375 0.01015625 0.0265625
2 0.96015625 0.49921875 0.0078125 0.03359375
2 0.98046875 0.4796875 0.00625 0.0296875
2 0.95703125 0.38046875 0.00703125 0.03984375
2 0.96484375 0.3890625 0.00625 0.02578125
2 0.96171875 0.32578125 0.00625 0.02734375
2 0.9125 0.30859375 0.00625 0.028125
2 0.91640625 0.30625 0.0078125 0.02890625
2 0.93203125 0.3265625 0.00703125 0.02734375
2 0.93515625 0.32578125 0.00625 0.02890625
2 0.97109375 0.27578125 0.0078125 0.02578125
2 0.9625 0.19765625 0.00703125 0.03046875
2 0.9796875 0.175 0.00625 0.0234375
2 0.984375 0.13671875 0.00546875 0.025
2 0.975 0.11796875 0.00625 0.025