0 0.96015625 0.6359375 0.0796875 0.115625
0 0.575 0.61875 0.16015625 0.1203125
0 0.3296875 0.73203125 0.1796875 0.15078125
2 0.8375 0.3765625 0.009375 0.034375
2 0.86796875 0.52265625 0.00859375 0.034375
2 0.7609375 0.4375 0.0109375 0.03359375
2 0.7140625 0.5171875 0.0109375 0.03828125
2 0.6828125 0.5515625 0.01171875 0.0328125
2 0.64453125 0.55 0.0109375 0.03125
2 0.5546875 0.33515625 0.009375 0.01640625
2 0.5265625 0.39375 0.01328125 0.03671875
2 0.39296875 0.36328125 0.009375 0.0203125
2 0.35234375 0.45859375 0.009375 0.03359375
2 0.3421875 0.40703125 0.01015625 0.0375
2 0.2359375 0.3234375 0.00703125 0.03203125
2 0.25859375 0.41328125 0.0125 0.0359375
2 0.00546875 0.44609375 0.0109375 0.0359375
2 0.4859375 0.58828125 0.00859375 0.04140625
2 0.4640625 0.6078125 0.01328125 0.040625
2 0.44921875 0.6078125 0.009375 0.0546875
2 0.43984375 0.60859375 0.01015625 0.0453125
2 0.428125 0.6046875 0.01171875 0.03359375
2 0.409375 0.62109375 0.0109375 0.03515625
2 0.36953125 0.65 0.00859375 0.02578125
2 0.35390625 0.61953125 0.01015625 0.04296875
2 0.34375 0.603125 0.01015625 0.034375
2 0.33828125 0.653125 0.01171875 0.03203125
2 0.25703125 0.6203125 0.01171875 0.03984375
2 0.1578125 0.7390625 0.00859375 0.04765625
2 0.190625 0.63515625 0.0125 0.028125
2 0.1828125 0.628125 0.009375 0.03828125
2 0.3453125 0.4765625 0.0125 0.0328125
2 0.03359375 0.178125 0.00703125 0.01796875
2 0.071875 0.31953125 0.00859375 0.03125
2 0.06484375 0.29375 0.00859375 0.0296875
2 0.01484375 0.140625 0.0078125 0.0328125
2 0.025 0.075 0.00546875 0.02890625
2 0.0296875 0.3578125 0.01015625 0.02890625
2 0.05625 0.38046875 0.009375 0.03828125
2 0.0484375 0.37734375 0.0078125 0.03203125
2 0.03984375 0.4109375 0.01171875 0.04609375
2 0.0328125 0.41484375 0.01328125 0.03125
2 0.03046875 0.47734375 0.0078125 0.03046875
2 0.03515625 0.4828125 0.0078125 0.03671875
2 0.15625 0.61484375 0.01171875 0.034375
2 0.07265625 0.6625 0.01015625 0.04765625
2 0.0078125 0.78359375 0.01015625 0.05234375
2 0.1828125 0.4171875 0.0109375 0.03984375
2 0.421875 0.35546875 0.009375 0.0359375