2 0.93046875 0.9296875 0.01796875 0.071875
2 0.88671875 0.54765625 0.015625 0.06484375
2 0.8765625 0.4953125 0.0140625 0.06953125
2 0.78515625 0.5609375 0.01640625 0.07265625
2 0.7375 0.671875 0.015625 0.0703125
2 0.6765625 0.740625 0.021875 0.08125
0 0.4859375 0.878125 0.1734375 0.24296875
2 0.07890625 0.73515625 0.0140625 0.0703125
2 0.00703125 0.6328125 0.0109375 0.06171875
2 0.09296875 0.521875 0.0140625 0.06484375
2 0.16328125 0.5171875 0.01328125 0.06953125
2 0.2328125 0.42109375 0.01328125 0.0578125
2 0.23515625 0.3390625 0.01015625 0.0484375
2 0.08359375 0.27265625 0.0140625 0.05703125
2 0.15703125 0.075 0.01328125 0.04375
2 0.32890625 0.2796875 0.009375 0.0546875
2 0.32578125 0.24140625 0.009375 0.04765625
2 0.35078125 0.24765625 0.009375 0.0578125
2 0.36796875 0.084375 0.00703125 0.04375
2 0.47578125 0.05078125 0.00859375 0.05078125
2 0.4375 0.11015625 0.00859375 0.05078125
2 0.42421875 0.11953125 0.0109375 0.0484375
2 0.36640625 0.2109375 0.01171875 0.0484375
2 0.36328125 0.18515625 0.009375 0.0484375
1 0.49609375 0.125 0.0828125 0.1484375