2 0.00859375 0.14296875 0.00625 0.03203125
2 0.02734375 0.153125 0.00703125 0.0359375
2 0.02734375 0.19375 0.00703125 0.0296875
2 0.0203125 0.27109375 0.009375 0.025
2 0.05234375 0.2109375 0.0078125 0.01796875
2 0.08515625 0.27890625 0.01015625 0.02734375
2 0.15546875 0.34609375 0.01015625 0.03125
2 0.24140625 0.33671875 0.009375 0.03359375
2 0.04765625 0.32265625 0.009375 0.03359375
2 0.03984375 0.3390625 0.0078125 0.03203125
2 0.09765625 0.32734375 0.00703125 0.03671875
2 0.1921875 0.42109375 0.0109375 0.03515625
2 0.16875 0.43203125 0.009375 0.04140625
2 0.13984375 0.446875 0.01015625 0.034375
2 0.00625 0.446875 0.0078125 0.03203125
2 0.015625 0.46875 0.00703125 0.03515625
2 0.03515625 0.47421875 0.009375 0.03125
2 0.00625 0.5984375 0.00859375 0.0375
2 0.08515625 0.6109375 0.0078125 0.04140625
2 0.065625 0.65859375 0.0109375 0.0328125
2 0.125 0.478125 0.01171875 0.028125
2 0.1796875 0.478125 0.009375 0.03125
2 0.23046875 0.63515625 0.00703125 0.01484375
2 0.265625 0.6109375 0.01328125 0.02890625
2 0.303125 0.56875 0.01171875 0.0390625
2 0.3140625 0.575 0.00859375 0.03671875
2 0.32109375 0.62578125 0.009375 0.0421875
2 0.34140625 0.61484375 0.00859375 0.040625
2 0.3359375 0.64296875 0.0125 0.04765625
2 0.41875 0.5953125 0.00859375 0.034375
2 0.44609375 0.58359375 0.009375 0.040625
2 0.425 0.61328125 0.01171875 0.04140625
2 0.45703125 0.58984375 0.01171875 0.0484375
2 0.46875 0.6046875 0.01484375 0.0453125
2 0.465625 0.54765625 0.01171875 0.0375
2 0.52109375 0.5578125 0.0125 0.0375
2 0.009375 0.7828125 0.0109375 0.040625
2 0.015625 0.70390625 0.0125 0.0375
2 0.02890625 0.47890625 0.009375 0.02421875
2 0.42421875 0.35234375 0.00703125 0.03046875
2 0.55859375 0.5796875 0.009375 0.04765625
2 0.56484375 0.5828125 0.0109375 0.04609375
2 0.6171875 0.57109375 0.01015625 0.0296875
2 0.62421875 0.5734375 0.0109375 0.03984375
2 0.64296875 0.56171875 0.009375 0.0359375
2 0.6453125 0.5484375 0.0046875 0.02734375
2 0.6671875 0.58125 0.0078125 0.0328125
2 0.69609375 0.559375 0.009375 0.0359375
2 0.70625 0.52734375 0.00859375 0.0390625
2 0.73671875 0.54140625 0.0078125 0.034375
2 0.7921875 0.41484375 0.009375 0.03046875
2 0.5890625 0.33359375 0.00703125 0.0203125
2 0.79609375 0.275 0.01171875 0.0359375
2 0.80390625 0.27265625 0.0078125 0.0328125
2 0.83828125 0.3828125 0.0109375 0.02578125
2 0.84609375 0.50546875 0.01015625 0.03125
0 0.83203125 0.64453125 0.15234375 0.11328125
0 0.209375 0.7078125 0.1765625 0.1578125
0 0.05625 0.0953125 0.08125 0.01015625
2 0.028125 0.8765625 0.01171875 0.04375
2 0.01953125 0.87578125 0.01015625 0.05