2 0.81640625 0.434375 0.0140625 0.05234375
2 0.859375 0.38359375 0.0140625 0.0359375
2 0.909375 0.76015625 0.02109375 0.08125
2 0.896875 0.75234375 0.021875 0.07421875
2 0.94609375 0.7578125 0.01328125 0.05703125
2 0.96484375 0.51484375 0.01171875 0.06328125
2 0.89140625 0.31640625 0.01171875 0.05703125
2 0.771875 0.58203125 0.0140625 0.06953125
2 0.7765625 0.76640625 0.01640625 0.0390625
2 0.73125 0.73515625 0.015625 0.06953125
2 0.7125 0.7265625 0.01015625 0.05078125
2 0.734375 0.66640625 0.0140625 0.06796875
2 0.09453125 0.52578125 0.0140625 0.06953125
2 0.03984375 0.065625 0.01015625 0.040625
2 0.07890625 0.22890625 0.0140625 0.0546875
2 0.13828125 0.221875 0.0171875 0.04609375
2 0.13515625 0.15078125 0.009375 0.0359375
2 0.09375 0.05 0.01484375 0.04375
2 0.10546875 0.11171875 0.009375 0.0546875
2 0.12265625 0.0734375 0.01171875 0.04765625
2 0.19921875 0.09296875 0.01171875 0.04609375
2 0.18359375 0.04296875 0.0140625 0.0484375
2 0.25078125 0.03984375 0.009375 0.04296875
2 0.290625 0.02890625 0.0078125 0.03203125
2 0.59921875 0.96875 0.01328125 0.0625
2 0.234375 0.06796875 0.00703125 0.02890625
2 0.415625 0.0671875 0.009375 0.04609375
2 0.434375 0.09921875 0.00859375 0.05078125
2 0.43984375 0.05078125 0.00859375 0.04140625
2 0.459375 0.03046875 0.009375 0.04375
2 0.428125 0.146875 0.01015625 0.04375
2 0.409375 0.1515625 0.00703125 0.0484375
2 0.4234375 0.17421875 0.01171875 0.040625
2 0.4140625 0.18828125 0.00703125 0.04296875
2 0.3984375 0.175 0.00859375 0.05234375
2 0.38671875 0.1890625 0.00703125 0.04765625
2 0.38046875 0.19375 0.0140625 0.040625
2 0.38515625 0.2296875 0.0109375 0.05234375
2 0.25 0.44765625 0.009375 0.05234375
2 0.22734375 0.453125 0.0125 0.06171875
2 0.2046875 0.44453125 0.01171875 0.0671875
2 0.196875 0.3609375 0.0109375 0.06484375
2 0.2140625 0.37578125 0.0140625 0.05703125
2 0.26328125 0.3625 0.0125 0.06328125
2 0.240625 0.38984375 0.01015625 0.06328125
2 0.22421875 0.41875 0.0140625 0.06171875
2 0.36953125 0.265625 0.0078125 0.05078125
2 0.3578125 0.2796875 0.00625 0.0515625
2 0.35078125 0.29609375 0.0125 0.04609375
2 0.3140625 0.33515625 0.01015625 0.05859375
2 0.30234375 0.36796875 0.01171875 0.05859375
2 0.2859375 0.3421875 0.009375 0.05234375
2 0.303125 0.29921875 0.009375 0.04765625
2 0.3359375 0.29140625 0.01015625 0.05078125
2 0.32578125 0.26875 0.01171875 0.0359375
2 0.309375 0.25390625 0.00703125 0.04140625
2 0.34140625 0.27734375 0.01171875 0.05234375
2 0.29453125 0.3046875 0.00703125 0.03359375
2 0.325 0.24609375 0.0109375 0.04140625
2 0.33828125 0.23984375 0.00546875 0.0390625
2 0.35078125 0.234375 0.0078125 0.03203125
2 0.21640625 0.32890625 0.01640625 0.0515625
2 0.24296875 0.353125 0.01015625 0.05078125
2 0.20546875 0.32421875 0.0109375 0.059375
2 0.3703125 0.22265625 0.0078125 0.04453125
2 0.36015625 0.196875 0.00625 0.05078125
1 0.35390625 0.6 0.1109375 0.1953125
1 0.49609375 0.12890625 0.07578125 0.13515625
1 0.45703125 0.2296875 0.109375 0.178125
0 0.2234375 0.140625 0.1546875 0.1953125
0 0.20859375 0.2390625 0.165625 0.25
2 0.65625 0.04140625 0.0125 0.053125
2 0.33828125 0.14140625 0.00703125 0.028125
2 0.7671875 0.46640625 0.0140625 0.0609375
2 0.76171875 0.4515625 0.009375 0.05859375
2 0.77109375 0.4296875 0.01015625 0.03984375
2 0.77890625 0.4234375 0.0140625 0.0640625
2 0.76640625 0.40234375 0.01171875 0.040625
2 0.7875 0.4109375 0.0109375 0.0578125
2 0.5890625 0.87265625 0.0140625 0.07734375
2 0.5765625 0.88359375 0.0078125 0.06015625
1 0.72890625 0.39375 0.0890625 0.18828125
1 0.609375 0.70078125 0.11328125 0.2609375
0 0.475 0.878125 0.15703125 0.2359375