0 0.66328125 0.4265625 0.11171875 0.28203125
1 0.83359375 0.11015625 0.03125 0.08828125
1 0.3078125 0.384375 0.0875 0.16328125
0 0.37734375 0.0265625 0.0828125 0.05234375
0 0.30390625 0.52421875 0.17734375 0.31953125
2 0.0078125 0.25390625 0.0109375 0.0484375
2 0.02109375 0.1375 0.01328125 0.0546875
2 0.028125 0.24453125 0.01640625 0.04921875
2 0.02578125 0.21328125 0.0125 0.028125
2 0.0984375 0.2484375 0.01171875 0.0484375
2 0.0765625 0.215625 0.0140625 0.04375
2 0.08203125 0.184375 0.0109375 0.05078125
2 0.1046875 0.128125 0.0109375 0.04296875
2 0.11640625 0.18515625 0.01015625 0.04453125
2 0.08125 0.08203125 0.01015625 0.059375
2 0.071875 0.034375 0.01171875 0.04140625
2 0.1375 0.15390625 0.01015625 0.05078125
2 0.18828125 0.16875 0.0125 0.05078125
2 0.0375 0.2078125 0.01171875 0.0546875
2 0.13671875 0.2109375 0.0125 0.04453125
2 0.16640625 0.2234375 0.01015625 0.04296875
2 0.0421875 0.196875 0.01171875 0.05
2 0.12890625 0.02421875 0.0109375 0.03984375
2 0.10390625 0.02578125 0.00859375 0.03828125
2 0.203125 0.0765625 0.01171875 0.05
2 0.0390625 0.7015625 0.01640625 0.05703125
2 0.0390625 0.56875 0.01171875 0.05859375
2 0.04765625 0.59609375 0.01875 0.06953125
2 0.07578125 0.59296875 0.01875 0.065625
2 0.09921875 0.55234375 0.01640625 0.06953125
2 0.1015625 0.51328125 0.01171875 0.04609375
2 0.1796875 0.4890625 0.01484375 0.06328125
2 0.18515625 0.3609375 0.009375 0.06328125
2 0.2421875 0.08984375 0.00859375 0.04296875
2 0.23515625 0.08828125 0.009375 0.0484375
2 0.28515625 0.02265625 0.01171875 0.03828125
2 0.453125 0.034375 0.01015625 0.04296875
2 0.43046875 0.07421875 0.0125 0.03984375
2 0.44296875 0.1265625 0.009375 0.053125
2 0.4328125 0.125 0.01015625 0.0515625
2 0.4328125 0.1640625 0.00703125 0.04609375
2 0.41171875 0.14609375 0.009375 0.04609375
2 0.38828125 0.19296875 0.01015625 0.0484375
2 0.40625 0.20546875 0.01171875 0.04609375
2 0.38046875 0.2484375 0.01015625 0.046875
2 0.2171875 0.31484375 0.01015625 0.059375
2 0.23515625 0.35859375 0.01015625 0.04296875
2 0.24609375 0.353125 0.00546875 0.04609375
2 0.23984375 0.409375 0.01171875 0.05625
2 0.25 0.41328125 0.01328125 0.05390625
2 0.2515625 0.37890625 0.01171875 0.05078125
2 0.2765625 0.34296875 0.01796875 0.040625
2 0.3015625 0.30390625 0.0109375 0.0484375
2 0.30625 0.26328125 0.0109375 0.05390625
2 0.3234375 0.26875 0.01015625 0.05
2 0.3296875 0.25625 0.01015625 0.05859375
2 0.3546875 0.28203125 0.0140625 0.05390625
2 0.35625 0.22734375 0.01328125 0.046875
2 0.34296875 0.23671875 0.009375 0.04609375
2 0.26875 0.228125 0.00703125 0.025
2 0.27578125 0.22578125 0.01015625 0.03203125
2 0.28125 0.22109375 0.0140625 0.04375
2 0.28828125 0.19375 0.01015625 0.025
2 0.33515625 0.1484375 0.01171875 0.01640625
2 0.35625 0.109375 0.01328125 0.01875
2 0.3796875 0.16953125 0.00625 0.0453125
2 0.32109375 0.30078125 0.01171875 0.02421875
2 0.18984375 0.0203125 0.01015625 0.040625
2 0.5625 0.984375 0.01328125 0.03125
2 0.60859375 0.97265625 0.01640625 0.0546875
2 0.57421875 0.934375 0.01171875 0.06953125
2 0.6015625 0.88203125 0.01171875 0.06328125
2 0.63203125 0.8921875 0.01484375 0.08046875
2 0.64375 0.8390625 0.01484375 0.05703125
2 0.70390625 0.7359375 0.01328125 0.04140625
2 0.7453125 0.753125 0.01484375 0.05390625
2 0.70078125 0.71484375 0.009375 0.059375
2 0.7078125 0.684375 0.01015625 0.06484375
2 0.8171875 0.6234375 0.0125 0.07421875
2 0.85390625 0.7203125 0.0140625 0.06328125
2 0.78984375 0.9546875 0.015625 0.05703125
2 0.865625 0.89453125 0.01796875 0.06875
2 0.934375 0.54296875 0.01328125 0.06484375
2 0.74453125 0.68671875 0.01328125 0.07421875
2 0.7375 0.66015625 0.01328125 0.06875
2 0.7546875 0.63125 0.009375 0.065625
2 0.75859375 0.578125 0.01171875 0.0640625
2 0.77734375 0.4875 0.0140625 0.06015625
2 0.78515625 0.4609375 0.0125 0.053125
2 0.790625 0.4421875 0.0109375 0.0453125
2 0.79921875 0.3984375 0.0109375 0.04921875
2 0.99453125 0.55859375 0.00703125 0.05703125