2 0.96015625 0.8421875 0.0203125 0.07734375
2 0.9875 0.63203125 0.01796875 0.08359375
2 0.953125 0.48515625 0.01640625 0.065625
2 0.62421875 0.91796875 0.01796875 0.0734375
0 0.46875 0.8890625 0.153125 0.221875
0 0.5984375 0.6890625 0.1171875 0.2453125
2 0.75 0.67734375 0.01328125 0.06953125
2 0.71484375 0.62578125 0.01484375 0.06796875
2 0.7078125 0.6859375 0.01015625 0.06953125
2 0.709375 0.7203125 0.01953125 0.08046875
2 0.72265625 0.4578125 0.01953125 0.07265625
2 0.80625 0.53125 0.015625 0.0625
2 0.76640625 0.55 0.01640625 0.06796875
1 0.840625 0.08125 0.05 0.09453125
2 0.83359375 0.28125 0.01171875 0.0265625
2 0.78515625 0.34453125 0.01328125 0.0703125
2 0.80703125 0.375 0.01328125 0.05390625
2 0.771875 0.5015625 0.01171875 0.05625
2 0.78046875 0.48984375 0.01328125 0.06640625
2 0.78359375 0.46796875 0.01015625 0.0609375
2 0.79140625 0.44375 0.0125 0.0609375
2 0.7953125 0.42109375 0.01015625 0.04296875
2 0.059375 0.6859375 0.01484375 0.0703125
2 0.053125 0.64453125 0.0171875 0.059375
2 0.2109375 0.4171875 0.01875 0.06796875
2 0.07421875 0.98203125 0.0203125 0.034375
2 0.18125 0.37265625 0.009375 0.040625
2 0.23359375 0.35078125 0.015625 0.0578125
2 0.24609375 0.3890625 0.0140625 0.0640625
2 0.2578125 0.38203125 0.0109375 0.059375
2 0.26796875 0.38671875 0.0109375 0.059375
2 0.275 0.35859375 0.01015625 0.06484375
2 0.30546875 0.29765625 0.01328125 0.04296875
2 0.3078125 0.25859375 0.0109375 0.0359375
2 0.29453125 0.3125 0.01015625 0.03046875
2 0.32421875 0.2671875 0.0125 0.0453125
2 0.26171875 0.22890625 0.0125 0.0203125
2 0.24921875 0.2421875 0.00625 0.0203125
2 0.275 0.22265625 0.00859375 0.03515625
2 0.2609375 0.3328125 0.00703125 0.04296875
2 0.2890625 0.196875 0.00703125 0.0109375
2 0.296875 0.18515625 0.0078125 0.0203125
2 0.33203125 0.2328125 0.0078125 0.0453125
2 0.3390625 0.2390625 0.0078125 0.04921875
2 0.35 0.228125 0.00859375 0.03984375
2 0.35078125 0.25390625 0.01171875 0.03359375
2 0.3640625 0.24921875 0.009375 0.0484375
2 0.3734375 0.25546875 0.009375 0.0421875
2 0.37265625 0.22109375 0.009375 0.0375
2 0.378125 0.21328125 0.00703125 0.04375
2 0.3859375 0.24296875 0.00859375 0.0578125
2 0.396875 0.22578125 0.0109375 0.05625
2 0.390625 0.1859375 0.009375 0.04453125
0 0.275 0.5078125 0.2375 0.2984375
0 0.33828125 0.346875 0.10859375 0.153125
2 0.00546875 0.1 0.0109375 0.06171875
2 0.021875 0.22734375 0.015625 0.05390625
2 0.04921875 0.2359375 0.01796875 0.05078125
2 0.07109375 0.303125 0.0140625 0.05625
2 0.2109375 0.10859375 0.015625 0.05390625
2 0.2671875 0.0734375 0.01171875 0.0578125
2 0.25078125 0.04453125 0.0125 0.04765625
2 0.1125 0.0265625 0.00859375 0.03828125
2 0.3375 0.01875 0.0078125 0.0375
2 0.36484375 0.0796875 0.0125 0.046875
2 0.446875 0.11171875 0.01015625 0.0484375
2 0.41015625 0.10625 0.01171875 0.04921875
2 0.41875 0.1078125 0.0125 0.05390625
2 0.40859375 0.15390625 0.01328125 0.05859375
2 0.3578125 0.11171875 0.00546875 0.015625
2 0.33125 0.15546875 0.009375 0.01484375
2 0.33359375 0.14609375 0.0078125 0.02421875
2 0.33984375 0.14140625 0.00703125 0.03515625
2 0.3453125 0.128125 0.00625 0.01328125
2 0.3515625 0.11796875 0.0078125 0.01640625