0 0.59296875 0.66015625 0.14765625 0.3796875
1 0.83125 0.10078125 0.0359375 0.08828125
1 0.76484375 0.27890625 0.0703125 0.14375
2 0.95859375 0.63828125 0.015625 0.06484375
2 0.98828125 0.26875 0.01328125 0.05859375
2 0.9828125 0.24765625 0.01171875 0.0546875
2 0.94921875 0.15859375 0.01015625 0.028125
2 0.87734375 0.73203125 0.01796875 0.06875
2 0.565625 0.975 0.01484375 0.04453125
2 0.59453125 0.89375 0.015625 0.06875
2 0.57578125 0.934375 0.0109375 0.05234375
2 0.57734375 0.9171875 0.009375 0.0484375
2 0.6296875 0.8609375 0.01640625 0.08046875
2 0.6453125 0.8203125 0.01328125 0.05625
2 0.8125 0.30703125 0.009375 0.05859375
2 0.83203125 0.6515625 0.01328125 0.075
2 0.765625 0.74609375 0.0171875 0.075
2 0.7109375 0.7390625 0.0125 0.04609375
2 0.725 0.7328125 0.01015625 0.06484375
2 0.7234375 0.69296875 0.0125 0.04453125
2 0.6953125 0.70546875 0.0140625 0.07109375
2 0.68984375 0.6953125 0.01640625 0.065625
2 0.675 0.684375 0.0125 0.065625
2 0.74921875 0.68515625 0.01640625 0.07578125
2 0.7671875 0.61640625 0.01015625 0.07421875
2 0.7421875 0.61015625 0.01015625 0.06796875
2 0.75234375 0.58671875 0.01328125 0.071875
2 0.7625 0.55625 0.009375 0.0578125
2 0.77109375 0.54453125 0.01015625 0.0703125
2 0.7546875 0.53046875 0.01484375 0.05078125
2 0.77890625 0.4890625 0.0125 0.05546875
2 0.7859375 0.47890625 0.01015625 0.05859375
2 0.79140625 0.44453125 0.01015625 0.04296875
2 0.79453125 0.41953125 0.01484375 0.04296875
2 0.04609375 0.67265625 0.01171875 0.07734375
2 0.00703125 0.759375 0.0140625 0.053125
2 0.04140625 0.6453125 0.01328125 0.0640625
2 0.07578125 0.5859375 0.01015625 0.0625
2 0.165625 0.52890625 0.0171875 0.065625
2 0.16640625 0.50546875 0.01171875 0.0671875
2 0.1828125 0.4875 0.0140625 0.06171875
2 0.19296875 0.47109375 0.0140625 0.065625
2 0.23125 0.47578125 0.01328125 0.05859375
2 0.2515625 0.44375 0.0125 0.059375
2 0.22890625 0.42578125 0.0125 0.05625
2 0.21328125 0.42734375 0.01015625 0.065625
2 0.20625 0.3796875 0.01015625 0.0578125
2 0.01796875 0.346875 0.00859375 0.0546875
2 0.015625 0.23671875 0.0078125 0.03671875
2 0.0078125 0.22265625 0.0078125 0.05078125
2 0.01015625 0.19140625 0.01015625 0.0328125
2 0.16171875 0.1734375 0.01171875 0.05234375
2 0.1296875 0.1015625 0.01015625 0.03359375
2 0.14140625 0.0921875 0.009375 0.04453125
2 0.21796875 0.03125 0.01171875 0.03515625
2 0.20703125 0.0203125 0.009375 0.03984375
2 0.29140625 0.0234375 0.009375 0.0421875
2 0.31875 0.03828125 0.01015625 0.04296875
2 0.4765625 0.021875 0.00859375 0.0359375
2 0.46875 0.071875 0.0078125 0.05078125
2 0.4453125 0.096875 0.01015625 0.053125
2 0.42890625 0.1109375 0.01015625 0.03671875
2 0.42734375 0.15078125 0.0125 0.05234375
2 0.41484375 0.1625 0.01328125 0.053125
2 0.39296875 0.1890625 0.00859375 0.06484375
2 0.38359375 0.19765625 0.0125 0.0515625
2 0.384375 0.2375 0.01015625 0.05625
2 0.365625 0.24140625 0.0125 0.0484375
2 0.3625 0.27265625 0.0125 0.053125
2 0.35390625 0.29453125 0.0125 0.05859375
2 0.3296875 0.32421875 0.01015625 0.0609375
2 0.34375 0.25703125 0.009375 0.053125
2 0.35078125 0.24296875 0.01015625 0.0515625
2 0.3390625 0.23125 0.0125 0.05234375
2 0.32265625 0.2734375 0.009375 0.05234375
2 0.32578125 0.25078125 0.0109375 0.04140625
2 0.3078125 0.3109375 0.00859375 0.053125
2 0.3046875 0.353125 0.01484375 0.0640625
2 0.29453125 0.3828125 0.00859375 0.0515625
2 0.278125 0.3609375 0.0125 0.05859375
2 0.2671875 0.36953125 0.0109375 0.05859375
2 0.2765625 0.33828125 0.0140625 0.05078125
2 0.23203125 0.3484375 0.0125 0.0671875
2 0.24609375 0.38671875 0.01015625 0.0453125
2 0.21640625 0.4 0.0109375 0.06171875
2 0.20859375 0.340625 0.01015625 0.0515625
2 0.19609375 0.3234375 0.0109375 0.05234375
2 0.2171875 0.33359375 0.0140625 0.05546875
2 0.21171875 0.3046875 0.01015625 0.02890625
2 0.33359375 0.15 0.01015625 0.0296875
0 0.26015625 0.19140625 0.153125 0.24453125