1 0.7046875 0.3390625 0.10859375 0.19296875
1 0.240625 0.4984375 0.13203125 0.20703125
1 0.71015625 0.525 0.10390625 0.20390625
0 0.10390625 0.39921875 0.15859375 0.2671875
2 0.940625 0.76484375 0.0171875 0.0671875
2 0.93828125 0.7109375 0.0171875 0.075
2 0.946875 0.44921875 0.01484375 0.06015625
2 0.821875 0.3609375 0.0171875 0.05546875
2 0.97265625 0.4171875 0.0140625 0.059375
2 0.98984375 0.415625 0.00859375 0.0625
2 0.7890625 0.74921875 0.009375 0.08125
2 0.74296875 0.70234375 0.0171875 0.06953125
2 0.58203125 0.9375 0.009375 0.0625
2 0.5703125 0.9609375 0.00859375 0.0484375
2 0.71328125 0.70546875 0.01171875 0.07265625
2 0.74765625 0.628125 0.01171875 0.06484375
2 0.83359375 0.3828125 0.01328125 0.03203125
2 0.52265625 0.06015625 0.009375 0.06015625
2 0.7640625 0.6046875 0.009375 0.0703125
2 0.771875 0.51015625 0.01171875 0.0546875
2 0.76953125 0.5453125 0.01484375 0.05078125
2 0.7828125 0.48359375 0.009375 0.06484375
2 0.79921875 0.4125 0.01484375 0.06796875
2 0.7953125 0.43203125 0.0109375 0.05234375
2 0.7875 0.45703125 0.0078125 0.0625
2 0.45 0.04296875 0.0109375 0.05078125
2 0.4390625 0.14375 0.009375 0.0578125
2 0.428125 0.190625 0.01171875 0.04765625
2 0.39375 0.23046875 0.00859375 0.04609375
2 0.4015625 0.20703125 0.0078125 0.053125
2 0.36953125 0.22890625 0.01328125 0.0671875
2 0.22265625 0.40390625 0.009375 0.07421875
2 0.3453125 0.23203125 0.01171875 0.0546875
2 0.1953125 0.253125 0.0125 0.03671875
2 0.3328125 0.26640625 0.00859375 0.075
2 0.4234375 0.11484375 0.00703125 0.05
2 0.325 0.028125 0.003125 0.04609375
2 0.27578125 0.0796875 0.01015625 0.053125
2 0.3078125 0.10625 0.00859375 0.05234375
2 0.11015625 0.2 0.009375 0.040625
2 0.28125 0.0484375 0.00859375 0.0484375
2 0.3046875 0.07265625 0.00703125 0.05
2 0.2984375 0.315625 0.01484375 0.0625
2 0.24375 0.3546875 0.0140625 0.06171875
2 0.19453125 0.36953125 0.0125 0.0671875
2 0.21796875 0.3515625 0.0109375 0.06015625
2 0.18515625 0.34140625 0.00703125 0.0578125
2 0.28203125 0.22265625 0.00859375 0.03828125
2 0.33515625 0.146875 0.01015625 0.028125
2 0.40859375 0.11015625 0.01015625 0.05546875
2 0.0953125 0.5234375 0.015625 0.065625
2 0.03984375 0.5859375 0.0171875 0.0625
2 0.01875 0.3625 0.01484375 0.06328125
2 0.0578125 0.27734375 0.009375 0.0546875
2 0.0265625 0.22890625 0.01484375 0.04765625
2 0.096875 0.1015625 0.01015625 0.04609375
2 0.0140625 0.125 0.01015625 0.04609375
2 0.046875 0.19375 0.0140625 0.04765625
2 0.0375 0.18671875 0.01015625 0.05
2 0.23828125 0.028125 0.01015625 0.04140625
2 0.21796875 0.0296875 0.0109375 0.04296875
2 0.20859375 0.034375 0.00625 0.05078125
2 0.27109375 0.22109375 0.01015625 0.03203125