2 0.89609375 0.6578125 0.00546875 0.0328125
2 0.89375 0.6859375 0.009375 0.0328125
2 0.88828125 0.6828125 0.009375 0.040625
2 0.0078125 0.65625 0.01328125 0.046875
2 0.05 0.628125 0.009375 0.04765625
2 0.18671875 0.6421875 0.01171875 0.04765625
2 0.2109375 0.66796875 0.0140625 0.046875
2 0.259375 0.63203125 0.0078125 0.02734375
2 0.27890625 0.62109375 0.00859375 0.028125
2 0.2984375 0.60234375 0.009375 0.02734375
2 0.2453125 0.51953125 0.009375 0.03125
2 0.24921875 0.52109375 0.0078125 0.040625
2 0.25390625 0.44765625 0.0125 0.0328125
2 0.37578125 0.60546875 0.0125 0.04296875
2 0.3453125 0.5671875 0.0109375 0.0328125
2 0.36484375 0.5796875 0.00859375 0.0328125
2 0.42109375 0.37421875 0.00625 0.03046875
2 0.43203125 0.36640625 0.0078125 0.0265625
2 0.4265625 0.34453125 0.00703125 0.021875
2 0.43359375 0.34140625 0.00703125 0.01796875
0 0.3046875 0.67421875 0.16015625 0.1671875
2 0.59609375 0.45 0.0078125 0.0265625
2 0.58515625 0.45078125 0.009375 0.03125
2 0.55078125 0.50078125 0.00625 0.03671875
2 0.553125 0.4796875 0.00703125 0.0328125
2 0.56171875 0.49296875 0.0078125 0.0421875
2 0.55859375 0.4953125 0.00703125 0.0390625
2 0.57109375 0.4859375 0.009375 0.0390625
2 0.58125 0.47734375 0.00703125 0.0359375
2 0.5671875 0.46015625 0.0078125 0.0375
2 0.57578125 0.30078125 0.00546875 0.02109375
0 0.4515625 0.3046875 0.0703125 0.07890625
0 0.4671875 0.2140625 0.06171875 0.05390625
0 0.79921875 0.39453125 0.06640625 0.0796875
2 0.54375 0.22734375 0.0046875 0.01796875
2 0.55390625 0.22734375 0.0046875 0.0171875
2 0.55 0.2328125 0.0046875 0.015625
2 0.56796875 0.2375 0.00390625 0.01953125
2 0.5796875 0.24609375 0.0046875 0.0234375
2 0.6125 0.26328125 0.00625 0.0234375
2 0.62421875 0.26328125 0.0046875 0.03046875
2 0.57421875 0.2375 0.00546875 0.01875
2 0.5625 0.23671875 0.00546875 0.01953125
2 0.63671875 0.24375 0.0046875 0.0203125
2 0.64453125 0.24921875 0.00546875 0.01875
2 0.5515625 0.1859375 0.00390625 0.01484375
2 0.640625 0.2765625 0.00546875 0.01796875