2 0.803125 0.4234375 0.00859375 0.034375
2 0.70546875 0.525 0.00859375 0.03671875
2 0.54609375 0.56171875 0.01171875 0.040625
2 0.71953125 0.40078125 0.009375 0.03515625
2 0.934375 0.378125 0.009375 0.028125
2 0.9703125 0.5125 0.009375 0.0234375
2 0.78359375 0.54765625 0.0078125 0.0359375
2 0.6421875 0.32890625 0.003125 0.01640625
2 0.5171875 0.3453125 0.0078125 0.02734375
2 0.48515625 0.34140625 0.00859375 0.02734375
2 0.47578125 0.33359375 0.00625 0.02578125
2 0.4109375 0.3578125 0.00625 0.034375
2 0.2046875 0.365625 0.00703125 0.03046875
2 0.20390625 0.296875 0.00703125 0.0296875
2 0.1953125 0.303125 0.00703125 0.028125
2 0.10078125 0.2640625 0.0078125 0.02578125
2 0.09453125 0.26328125 0.00703125 0.046875
2 0.01015625 0.73515625 0.00625 0.03046875
2 0.01796875 0.73359375 0.00703125 0.03671875
2 0.025 0.70546875 0.00859375 0.03359375
2 0.0359375 0.725 0.009375 0.04296875
2 0.06640625 0.7171875 0.009375 0.03515625
2 0.1078125 0.675 0.00703125 0.03984375
2 0.0609375 0.63125 0.00703125 0.04140625
2 0.08828125 0.60390625 0.0046875 0.040625
2 0.18125 0.67421875 0.01015625 0.04765625
2 0.221875 0.67109375 0.009375 0.04140625
2 0.24375 0.6578125 0.00625 0.03984375
2 0.265625 0.63125 0.009375 0.03125
2 0.26953125 0.653125 0.00625 0.034375
2 0.32109375 0.621875 0.00703125 0.03359375
2 0.33671875 0.596875 0.0078125 0.03515625
2 0.346875 0.640625 0.0078125 0.040625
2 0.36015625 0.61484375 0.00546875 0.03984375
2 0.38125 0.60625 0.00703125 0.03125
2 0.4234375 0.60859375 0.0078125 0.040625
2 0.4375 0.55 0.0078125 0.0375
2 0.446875 0.57265625 0.00703125 0.03671875
2 0.45625 0.559375 0.0078125 0.034375
2 0.46796875 0.55078125 0.00859375 0.025
2 0.4796875 0.55 0.01015625 0.0375