1 0.7109375 0.440625 0.090625 0.22421875
1 0.40078125 0.27109375 0.09921875 0.14140625
0 0.56953125 0.5484375 0.178125 0.3265625
0 0.4765625 0.86640625 0.178125 0.26484375
0 0.26484375 0.18203125 0.1546875 0.221875
0 0.09296875 0.34609375 0.171875 0.1484375
2 0.625 0.58125 0.01484375 0.06328125
2 0.79296875 0.3453125 0.015625 0.0703125
2 0.584375 0.69453125 0.0171875 0.071875
2 0.63359375 0.76640625 0.02734375 0.0765625
2 0.15703125 0.546875 0.015625 0.0609375
2 0.20234375 0.478125 0.01796875 0.06875
2 0.2203125 0.41796875 0.01171875 0.06015625
2 0.24140625 0.38828125 0.01171875 0.0640625
2 0.2671875 0.38671875 0.01171875 0.06484375
2 0.2015625 0.3890625 0.01328125 0.059375
2 0.18984375 0.3734375 0.01328125 0.06796875
2 0.32109375 0.3265625 0.0125 0.065625
2 0.29609375 0.32890625 0.01328125 0.06796875
2 0.321875 0.2703125 0.01328125 0.05
2 0.12109375 0.159375 0.01484375 0.05078125
2 0.415625 0.16015625 0.01171875 0.04453125
2 0.353125 0.26640625 0.0109375 0.0453125
2 0.36484375 0.23203125 0.0109375 0.04453125
2 0.37890625 0.20703125 0.01015625 0.06171875
2 0.72109375 0.64609375 0.01484375 0.06640625
2 0.4296875 0.1015625 0.01328125 0.04765625
2 0.46171875 0.09765625 0.0125 0.053125
2 0.240625 0.0796875 0.01015625 0.0484375
2 0.73671875 0.6203125 0.0125 0.0640625
2 0.90546875 0.8953125 0.01640625 0.07109375
2 0.096875 0.08671875 0.0125 0.04609375
2 0.04296875 0.10234375 0.009375 0.04609375
2 0.02578125 0.21640625 0.01875 0.0515625
2 0.0421875 0.34140625 0.01171875 0.0515625
2 0.0734375 0.28203125 0.01171875 0.06171875
2 0.08046875 0.24765625 0.0125 0.053125
2 0.16640625 0.059375 0.01171875 0.053125
2 0.3234375 0.0265625 0.01015625 0.04375
2 0.225 0.01796875 0.00859375 0.03515625
2 0.7546875 0.45625 0.01015625 0.05078125
2 0.76875 0.54296875 0.009375 0.0640625
2 0.746875 0.61015625 0.00859375 0.0734375
2 0.75703125 0.47265625 0.0140625 0.04296875
2 0.75 0.50625 0.00859375 0.04921875
2 0.7640625 0.61640625 0.00625 0.06015625
2 0.76015625 0.49609375 0.01171875 0.05390625
2 0.56640625 0.66875 0.009375 0.05234375