1 0.61875 0.6890625 0.11796875 0.2328125
1 0.26640625 0.46484375 0.1140625 0.19765625
2 0.60234375 0.978125 0.0171875 0.04375
2 0.6328125 0.8421875 0.021875 0.075
2 0.71875 0.72890625 0.0140625 0.0765625
2 0.76171875 0.67734375 0.01171875 0.0703125
2 0.7671875 0.51640625 0.0140625 0.0671875
2 0.81796875 0.4203125 0.0109375 0.04609375
2 0.8234375 0.525 0.0109375 0.05703125
2 0.7875 0.44296875 0.01328125 0.059375
2 0.26875 0.753125 0.009375 0.07265625
2 0.06875 0.69921875 0.0140625 0.0671875
2 0.08984375 0.51328125 0.0140625 0.06796875
2 0.22109375 0.3953125 0.0125 0.0546875
2 0.19296875 0.371875 0.01875 0.05703125
2 0.08046875 0.0453125 0.0140625 0.04140625
2 0.271875 0.0703125 0.009375 0.05703125
2 0.4125 0.1875 0.01328125 0.053125
2 0.37109375 0.20859375 0.0109375 0.0546875
2 0.33984375 0.14921875 0.00703125 0.02578125
2 0.2953125 0.3109375 0.01484375 0.04296875
2 0.3125 0.3484375 0.0109375 0.0484375
2 0.3546875 0.26953125 0.0109375 0.05546875
2 0.37109375 0.253125 0.0109375 0.0578125
2 0.36171875 0.24140625 0.009375 0.0453125
2 0.3546875 0.234375 0.009375 0.040625
2 0.3375 0.23046875 0.00703125 0.05078125
2 0.328125 0.24453125 0.01171875 0.04609375
2 0.32109375 0.271875 0.009375 0.0578125