2 0.0359375 0.865625 0.021875 0.0859375
2 0.45546875 0.9734375 0.0328125 0.04765625
2 0.49765625 0.84296875 0.01875 0.1046875
2 0.41328125 0.9109375 0.01953125 0.0734375
2 0.4296875 0.871875 0.0265625 0.09453125
2 0.37421875 0.8375 0.021875 0.0734375
2 0.3828125 0.803125 0.01796875 0.07421875
2 0.3609375 0.8 0.0234375 0.084375
2 0.29765625 0.7328125 0.015625 0.0515625
2 0.26171875 0.75 0.01875 0.0484375
2 0.09921875 0.7171875 0.015625 0.078125
2 0.08359375 0.725 0.01640625 0.07109375
2 0.23203125 0.6609375 0.02578125 0.0765625
2 0.1921875 0.52421875 0.01796875 0.065625
0 0.3921875 0.68125 0.12109375 0.24765625
2 0.2515625 0.59296875 0.0140625 0.0625
2 0.2578125 0.5765625 0.0140625 0.06796875
2 0.2390625 0.55625 0.01484375 0.0640625
2 0.22421875 0.51953125 0.01484375 0.06640625
2 0.22890625 0.48359375 0.0140625 0.07265625
2 0.20859375 0.44453125 0.01640625 0.06171875
2 0.21171875 0.34140625 0.0125 0.06796875
2 0.19140625 0.3765625 0.01328125 0.05625
1 0.159375 0.08125 0.05390625 0.0828125
2 0.60234375 0.94140625 0.01484375 0.07265625
2 0.70546875 0.9421875 0.0203125 0.08125
2 0.771875 0.90390625 0.02421875 0.07578125
2 0.809375 0.9375 0.01171875 0.0796875
2 0.98203125 0.9078125 0.01796875 0.0765625
2 0.928125 0.91796875 0.02421875 0.071875
2 0.88515625 0.9796875 0.015625 0.040625
2 0.953125 0.9734375 0.015625 0.053125
2 0.9359375 0.96328125 0.01875 0.07265625
2 0.98359375 0.7328125 0.01640625 0.06953125
2 0.92890625 0.634375 0.01875 0.07734375
2 0.97109375 0.6328125 0.0125 0.05234375
2 0.953125 0.6046875 0.01875 0.06484375
2 0.828125 0.50703125 0.01328125 0.0671875
2 0.896875 0.52890625 0.01640625 0.0828125
2 0.99296875 0.1 0.01328125 0.0515625
2 0.9609375 0.07265625 0.015625 0.04375
2 0.98203125 0.20703125 0.01484375 0.046875
2 0.975 0.221875 0.0109375 0.05390625
2 0.94296875 0.178125 0.01328125 0.05234375
2 0.98203125 0.325 0.0125 0.0609375
2 0.95078125 0.30390625 0.01328125 0.05625
2 0.90390625 0.1625 0.01328125 0.05546875
2 0.878125 0.03203125 0.00859375 0.0359375
2 0.834375 0.09296875 0.01171875 0.0484375
2 0.81796875 0.028125 0.0109375 0.04140625
2 0.79140625 0.0890625 0.0140625 0.04296875
2 0.74453125 0.075 0.01171875 0.05078125
2 0.69609375 0.09140625 0.01171875 0.04375
0 0.82890625 0.23203125 0.171875 0.26953125
2 0.66484375 0.01640625 0.00859375 0.03046875
2 0.56796875 0.04765625 0.01328125 0.046875
2 0.56015625 0.04765625 0.01171875 0.0453125
2 0.509375 0.0609375 0.01015625 0.046875
2 0.51484375 0.05078125 0.009375 0.04765625
2 0.58984375 0.14921875 0.01171875 0.05078125
2 0.75546875 0.3453125 0.009375 0.05390625
2 0.7453125 0.2375 0.01015625 0.02265625
2 0.725 0.225 0.01015625 0.0328125
2 0.7375 0.38359375 0.01171875 0.05625
2 0.73515625 0.3640625 0.01171875 0.04453125
2 0.72265625 0.35625 0.01015625 0.05859375
2 0.6625 0.14375 0.0078125 0.03984375
2 0.63984375 0.1078125 0.01015625 0.0203125
2 0.7109375 0.19609375 0.009375 0.0171875
2 0.70078125 0.1828125 0.0078125 0.0140625
2 0.653125 0.128125 0.009375 0.01015625
2 0.60078125 0.22265625 0.0109375 0.0578125
2 0.6078125 0.24140625 0.01015625 0.053125
2 0.6171875 0.21484375 0.01171875 0.04765625
2 0.63828125 0.2453125 0.0109375 0.0546875
2 0.625 0.25859375 0.009375 0.040625
2 0.628125 0.22890625 0.0078125 0.040625
2 0.66015625 0.24609375 0.0109375 0.053125
2 0.65 0.234375 0.0078125 0.04921875
2 0.66640625 0.2328125 0.0078125 0.0421875
2 0.66640625 0.26640625 0.01171875 0.028125
2 0.690625 0.26171875 0.01015625 0.0421875
2 0.690625 0.29609375 0.0140625 0.0421875
2 0.70859375 0.29375 0.01015625 0.03984375
2 0.70546875 0.32421875 0.0109375 0.02734375
2 0.71953125 0.37265625 0.009375 0.05234375
0 0.6671875 0.3703125 0.10625 0.19453125