2 0.54375 0.01953125 0.009375 0.0390625
2 0.54140625 0.0609375 0.009375 0.05
2 0.5515625 0.103125 0.0078125 0.046875
2 0.590625 0.1515625 0.00703125 0.04453125
2 0.59921875 0.18125 0.01015625 0.04921875
2 0.61640625 0.20078125 0.01015625 0.05390625
2 0.628125 0.23125 0.01171875 0.05
2 0.64140625 0.2421875 0.01171875 0.053125
2 0.66015625 0.253125 0.01328125 0.059375
2 0.515625 0.42578125 0.01640625 0.06328125
2 0.9078125 0.54140625 0.0140625 0.06484375
2 0.81015625 0.478125 0.01484375 0.0640625
2 0.9890625 0.23359375 0.0140625 0.059375
2 0.91328125 0.26640625 0.01328125 0.05703125
2 0.91328125 0.22890625 0.0125 0.0546875
2 0.87890625 0.32109375 0.01484375 0.05390625
2 0.8484375 0.31796875 0.01328125 0.06484375
2 0.8453125 0.22578125 0.01328125 0.059375
2 0.840625 0.06640625 0.01640625 0.0453125
2 0.7984375 0.16171875 0.0140625 0.05078125
2 0.7765625 0.228125 0.01171875 0.05
2 0.7609375 0.04609375 0.01171875 0.0453125
2 0.753125 0.046875 0.0125 0.046875
2 0.80234375 0.39921875 0.01328125 0.05703125
2 0.7875 0.31953125 0.0109375 0.05
2 0.73359375 0.4203125 0.01484375 0.0609375
2 0.75 0.39375 0.0109375 0.05625
2 0.740625 0.3859375 0.00859375 0.05703125
2 0.734375 0.35703125 0.01015625 0.05078125
2 0.71484375 0.35859375 0.01171875 0.06171875
2 0.6875 0.33828125 0.01171875 0.05859375
2 0.6984375 0.31953125 0.01484375 0.046875
2 0.68828125 0.29140625 0.01015625 0.04375
2 0.65859375 0.2953125 0.00859375 0.05546875
2 0.66640625 0.325 0.01015625 0.0609375
2 0.95703125 0.60234375 0.01875 0.06015625
1 0.16796875 0.1140625 0.03203125 0.0796875
1 0.78125 0.6859375 0.11015625 0.2484375
0 0.5328125 0.8515625 0.1890625 0.2921875
2 0.01953125 0.76171875 0.01796875 0.0640625
2 0.10078125 0.31015625 0.0109375 0.05390625
2 0.11796875 0.415625 0.01015625 0.05390625
2 0.37421875 0.825 0.01171875 0.075
2 0.4046875 0.890625 0.01640625 0.05859375
2 0.3171875 0.70859375 0.0125 0.0703125
2 0.06640625 0.9765625 0.0171875 0.040625
2 0.11796875 0.9546875 0.01953125 0.07578125
2 0.43125 0.959375 0.0140625 0.03359375
2 0.440625 0.98203125 0.01328125 0.02890625
2 0.44296875 0.9421875 0.01796875 0.0796875
2 0.4640625 0.9859375 0.01015625 0.0265625
2 0.471875 0.97890625 0.01640625 0.04140625
2 0.18046875 0.61953125 0.0125 0.06484375
2 0.20546875 0.5859375 0.0140625 0.06875
2 0.1765625 0.56328125 0.0140625 0.05234375
2 0.21171875 0.71875 0.01796875 0.06796875
2 0.2203125 0.71171875 0.0171875 0.07734375
2 0.24921875 0.69921875 0.01328125 0.06875
2 0.26015625 0.7546875 0.0203125 0.0390625
2 0.2640625 0.73203125 0.0125 0.053125
2 0.28125 0.70625 0.0125 0.07578125
2 0.29453125 0.74140625 0.0109375 0.021875
2 0.2953125 0.67578125 0.01328125 0.06640625
2 0.30546875 0.62734375 0.01484375 0.06640625
2 0.2078125 0.4421875 0.00859375 0.0546875
2 0.20546875 0.45625 0.0140625 0.05546875
2 0.2140625 0.478125 0.015625 0.05
2 0.22734375 0.54453125 0.0109375 0.06875
2 0.27109375 0.665625 0.01328125 0.05234375
2 0.27578125 0.6328125 0.01328125 0.05546875
2 0.2609375 0.60703125 0.0125 0.0734375
2 0.253125 0.590625 0.01171875 0.0640625
2 0.24140625 0.58203125 0.0125 0.06953125
2 0.24765625 0.53984375 0.0140625 0.0328125
2 0.24296875 0.51328125 0.0125 0.025
2 0.228125 0.49296875 0.01015625 0.03828125