0 0.090625 0.765625 0.1796875 0.16328125
2 0.84296875 0.37421875 0.009375 0.03359375
2 0.82421875 0.42578125 0.009375 0.03828125
2 0.6953125 0.37421875 0.00859375 0.0328125
2 0.82578125 0.31484375 0.009375 0.01796875
2 0.759375 0.4046875 0.01171875 0.034375
2 0.7234375 0.5390625 0.0078125 0.03515625
2 0.7125 0.553125 0.0109375 0.03359375
2 0.70234375 0.546875 0.01015625 0.03984375
2 0.7 0.5234375 0.00859375 0.02734375
2 0.68203125 0.5546875 0.00859375 0.0375
2 0.56015625 0.575 0.0125 0.03671875
2 0.49140625 0.6 0.0125 0.0359375
2 0.4453125 0.5765625 0.0078125 0.03671875
2 0.425 0.625 0.01171875 0.0359375
2 0.44296875 0.375 0.0125 0.03828125
2 0.3953125 0.4234375 0.00859375 0.03671875
2 0.3734375 0.4515625 0.0109375 0.03203125
2 0.36328125 0.4921875 0.009375 0.0390625
2 0.3484375 0.60390625 0.009375 0.0375
2 0.26015625 0.38359375 0.0109375 0.028125
2 0.2609375 0.35546875 0.01015625 0.028125
2 0.25546875 0.3484375 0.00859375 0.03671875
2 0.2421875 0.34609375 0.00859375 0.04140625
2 0.23203125 0.346875 0.00859375 0.04296875
2 0.18828125 0.28125 0.00859375 0.0265625
2 0.4015625 0.61875 0.0140625 0.0375
2 0.38984375 0.61875 0.0125 0.03828125
2 0.38046875 0.5953125 0.00703125 0.0359375
2 0.3765625 0.59765625 0.00859375 0.03046875
2 0.3234375 0.62890625 0.01015625 0.03515625
2 0.3171875 0.6484375 0.0140625 0.04296875
2 0.27265625 0.6078125 0.00703125 0.0421875
2 0.2671875 0.6078125 0.0109375 0.0359375
2 0.25078125 0.634375 0.0078125 0.040625
2 0.2390625 0.60625 0.0109375 0.04140625
2 0.215625 0.596875 0.01171875 0.04296875
2 0.17421875 0.5921875 0.01015625 0.03671875
2 0.1953125 0.6484375 0.0125 0.03828125
2 0.16875 0.63984375 0.01171875 0.040625
2 0.153125 0.6296875 0.009375 0.03671875
2 0.14765625 0.65625 0.01171875 0.03671875
2 0.125 0.57265625 0.009375 0.040625
2 0.09453125 0.60234375 0.00859375 0.03828125
2 0.08125 0.68203125 0.01171875 0.0359375
2 0.071875 0.65859375 0.0109375 0.034375
2 0.0609375 0.67265625 0.0125 0.0375
2 0.059375 0.34765625 0.00859375 0.03359375
2 0.0515625 0.3484375 0.01015625 0.03515625
2 0.01640625 0.24609375 0.0078125 0.025
2 0.02578125 0.1984375 0.0078125 0.02421875
2 0.02890625 0.165625 0.00703125 0.02421875
2 0.0203125 0.17890625 0.009375 0.01796875
2 0.021875 0.13515625 0.009375 0.025
2 0.00859375 0.13828125 0.00859375 0.02109375
2 0.0125 0.1671875 0.00703125 0.028125
2 0.0078125 0.16875 0.00859375 0.02421875