2 0.18125 0.6296875 0.015625 0.04453125
2 0.18984375 0.64375 0.0140625 0.0484375
2 0.21171875 0.66640625 0.01328125 0.05234375
2 0.26328125 0.64765625 0.0109375 0.04609375
2 0.2671875 0.6078125 0.009375 0.040625
2 0.28046875 0.63203125 0.01015625 0.03671875
2 0.284375 0.61328125 0.00625 0.03828125
2 0.3125 0.62890625 0.0109375 0.04453125
2 0.34375 0.5953125 0.01171875 0.04921875
2 0.296875 0.578125 0.0109375 0.0328125
2 0.3140625 0.56796875 0.0078125 0.0421875
2 0.32890625 0.58984375 0.01015625 0.0421875
2 0.321875 0.57734375 0.0109375 0.0359375
2 0.26640625 0.6421875 0.00546875 0.0453125
2 0.4078125 0.54375 0.01015625 0.03984375
2 0.30234375 0.49140625 0.00859375 0.028125
2 0.33203125 0.50078125 0.00625 0.03203125
2 0.5703125 0.48359375 0.01171875 0.03828125
2 0.5546875 0.490625 0.009375 0.0375
2 0.54765625 0.496875 0.00703125 0.04453125
2 0.4390625 0.3796875 0.0078125 0.03203125
2 0.4328125 0.37734375 0.0078125 0.025
2 0.4234375 0.34921875 0.0109375 0.03203125
2 0.40703125 0.384375 0.0078125 0.02265625
2 0.4015625 0.3828125 0.00703125 0.0265625
2 0.48984375 0.36015625 0.00859375 0.03046875
2 0.48125 0.3625 0.0046875 0.0265625
2 0.47421875 0.36484375 0.00625 0.02265625
2 0.4203125 0.4453125 0.009375 0.0296875
0 0.71796875 0.66640625 0.12890625 0.146875
0 0.69375 0.31328125 0.090625 0.07109375
0 0.5171875 0.225 0.0640625 0.059375
0 0.44375 0.19921875 0.0703125 0.04765625
2 0.56171875 0.253125 0.00625 0.021875
2 0.40546875 0.16640625 0.00625 0.01640625
2 0.40625 0.17421875 0.00703125 0.01875
2 0.5796875 0.18671875 0.003125 0.015625
2 0.64140625 0.265625 0.00703125 0.01875
2 0.65703125 0.27265625 0.0046875 0.0171875
2 0.65390625 0.27265625 0.00390625 0.01328125
2 0.625 0.28984375 0.0046875 0.02109375
2 0.584375 0.28984375 0.00703125 0.0234375
2 0.60390625 0.2953125 0.00546875 0.01875
2 0.5984375 0.28984375 0.00625 0.0203125
2 0.6109375 0.29453125 0.00546875 0.0234375
2 0.62109375 0.2953125 0.00625 0.01875
2 0.6125 0.284375 0.0046875 0.01875
2 0.6 0.284375 0.00390625 0.02421875
2 0.61796875 0.28828125 0.00390625 0.0234375