0 0.77109375 0.43515625 0.11484375 0.103125
0 0.45625 0.20703125 0.0671875 0.05234375
2 0.0328125 0.65546875 0.009375 0.03671875
2 0.115625 0.69296875 0.0140625 0.04609375
2 0.26875 0.65390625 0.00859375 0.0453125
2 0.25703125 0.5390625 0.01484375 0.040625
2 0.271875 0.62421875 0.009375 0.053125
2 0.27890625 0.621875 0.01015625 0.06015625
2 0.29609375 0.6015625 0.01484375 0.0484375
2 0.31875 0.60234375 0.01015625 0.0453125
2 0.32734375 0.58125 0.0140625 0.04296875
2 0.34140625 0.59140625 0.0140625 0.03984375
2 0.3375 0.4734375 0.00625 0.0375
2 0.34453125 0.471875 0.0125 0.03359375
2 0.3984375 0.5125 0.009375 0.03828125
2 0.43203125 0.52109375 0.01015625 0.040625
2 0.4453125 0.52421875 0.0125 0.04296875
2 0.4359375 0.38046875 0.01171875 0.025
2 0.41015625 0.38359375 0.0125 0.028125
2 0.53203125 0.4734375 0.01015625 0.040625
2 0.628125 0.26484375 0.00546875 0.021875
2 0.63671875 0.2828125 0.0046875 0.0203125
2 0.65703125 0.2734375 0.0078125 0.02421875
2 0.59765625 0.2546875 0.00703125 0.01875
2 0.5796875 0.24453125 0.0046875 0.01640625
2 0.58515625 0.24609375 0.0078125 0.01875
2 0.54296875 0.22734375 0.0046875 0.02109375
2 0.56015625 0.22578125 0.00625 0.02265625
2 0.675 0.21796875 0.0046875 0.01484375
2 0.49140625 0.3921875 0.00078125 0.00078125
2 0.60078125 0.1953125 0.00546875 0.01640625
2 0.55 0.67421875 0.0125 0.046875
2 0.5640625 0.66875 0.0125 0.0421875
2 0.553125 0.18671875 0.0046875 0.015625
2 0.3921875 0.16484375 0.009375 0.021875
2 0.40546875 0.1703125 0.0046875 0.01875