1 0.70859375 0.3859375 0.084375 0.20078125
1 0.64765625 0.65078125 0.1234375 0.2328125
1 0.2171875 0.5359375 0.1265625 0.21171875
0 0.48125 0.225 0.11484375 0.228125
0 0.30703125 0.14296875 0.15859375 0.21171875
0 0.0984375 0.34140625 0.1703125 0.16640625
2 0.93046875 0.70546875 0.01640625 0.07109375
2 0.9859375 0.7109375 0.0203125 0.08515625
2 0.9203125 0.6375 0.02109375 0.06796875
2 0.95 0.41796875 0.01796875 0.07421875
2 0.759375 0.75859375 0.01640625 0.06953125
2 0.603125 0.975 0.025 0.04921875
2 0.790625 0.475 0.0203125 0.08359375
2 0.25078125 0.3984375 0.0125 0.06328125
2 0.19453125 0.3875 0.01484375 0.065625
2 0.2046875 0.253125 0.0125 0.040625
2 0.20546875 0.32890625 0.0171875 0.06484375
2 0.23125 0.3515625 0.0140625 0.05703125
2 0.2890625 0.3484375 0.0109375 0.0625
2 0.3 0.31796875 0.01328125 0.0484375
2 0.27734375 0.065625 0.0140625 0.04375
2 0.2109375 0.06484375 0.01015625 0.05078125
2 0.06875 0.175 0.01171875 0.053125
2 0.2640625 0.3359375 0.01328125 0.04765625
2 0.3140625 0.02265625 0.0125 0.040625
2 0.11796875 0.146875 0.0109375 0.05078125
2 0.109375 0.109375 0.0140625 0.04765625
2 0.10546875 0.05859375 0.0171875 0.05703125
2 0.0328125 0.28984375 0.01640625 0.059375
2 0.05234375 0.26796875 0.01640625 0.05703125
2 0.0203125 0.11328125 0.0171875 0.0578125
2 0.00546875 0.29609375 0.0109375 0.05234375
2 0.12578125 0.10859375 0.01015625 0.053125
2 0.15390625 0.1265625 0.01796875 0.0453125
2 0.1578125 0.10546875 0.0109375 0.053125
2 0.165625 0.0765625 0.01328125 0.0578125
2 0.159375 0.0515625 0.009375 0.04296875
2 0.4421875 0.06484375 0.0125 0.03671875
2 0.44921875 0.13046875 0.009375 0.0453125
2 0.434375 0.08671875 0.009375 0.05546875
2 0.41328125 0.09921875 0.009375 0.0390625
2 0.3484375 0.290625 0.0140625 0.06015625
2 0.3453125 0.240625 0.009375 0.05625
2 0.37109375 0.21875 0.01171875 0.05390625
2 0.421875 0.1859375 0.01015625 0.05703125
2 0.4359375 0.18046875 0.01328125 0.0546875
2 0.4234375 0.09296875 0.00703125 0.03828125
2 0.4453125 0.10546875 0.01328125 0.03359375
2 0.43984375 0.09140625 0.00078125 0.0015625
2 0.40234375 0.16640625 0.00703125 0.046875
2 0.39140625 0.196875 0.00859375 0.053125
2 0.38515625 0.23203125 0.0125 0.0484375
2 0.35859375 0.27578125 0.01015625 0.05078125
2 0.425 0.13125 0.01015625 0.03125