2 0.09765625 0.08046875 0.01015625 0.0421875
2 0.25859375 0.0234375 0.0125 0.0453125
2 0.315625 0.03515625 0.00859375 0.04921875
2 0.33828125 0.01953125 0.0109375 0.0390625
2 0.43203125 0.1671875 0.01171875 0.05234375
2 0.403125 0.20390625 0.015625 0.05078125
2 0.3875 0.203125 0.01015625 0.05625
2 0.36875 0.21875 0.01015625 0.05234375
2 0.17578125 0.50859375 0.0125 0.05859375
2 0.35 0.24296875 0.0109375 0.04609375
2 0.33984375 0.2546875 0.00625 0.028125
2 0.321875 0.25546875 0.0109375 0.04921875
2 0.25546875 0.38515625 0.0171875 0.0625
2 0.23046875 0.37734375 0.0125 0.0484375
2 0.2734375 0.31796875 0.01015625 0.0515625
2 0.2703125 0.22578125 0.01328125 0.0234375
1 0.33125 0.3546875 0.10546875 0.17578125
2 0.365625 0.18125 0.01796875 0.04609375
1 0.71796875 0.13046875 0.053125 0.13203125
1 0.72265625 0.40078125 0.0765625 0.196875
1 0.63359375 0.67265625 0.10625 0.24921875
0 0.48125 0.85078125 0.196875 0.2984375
0 0.58203125 0.55 0.17109375 0.3078125
2 0.87421875 0.5625 0.0171875 0.065625
2 0.86640625 0.39375 0.0125 0.0296875
2 0.85078125 0.5703125 0.015625 0.06875
2 0.809375 0.5265625 0.0125 0.05546875
2 0.79296875 0.478125 0.01484375 0.05859375
2 0.709375 0.64375 0.01328125 0.0671875
2 0.7015625 0.571875 0.01328125 0.065625
2 0.68984375 0.5546875 0.01015625 0.08359375
2 0.2640625 0.9640625 0.01875 0.071875
2 0.25234375 0.97734375 0.0203125 0.0453125
2 0.2125 0.9578125 0.01875 0.07421875
2 0.21328125 0.92109375 0.021875 0.07734375
2 0.21953125 0.90703125 0.01875 0.090625
2 0.12421875 0.975 0.0140625 0.04921875
2 0.09296875 0.9734375 0.0171875 0.04921875
2 0.0859375 0.9453125 0.0140625 0.078125
2 0.07109375 0.98046875 0.0125 0.03515625
2 0.034375 0.96796875 0.01640625 0.0640625
2 0.03046875 0.92734375 0.01640625 0.071875
2 0.2375 0.41796875 0.01171875 0.07734375
2 0.94765625 0.58671875 0.01484375 0.053125