2 0.0078125 0.95625 0.015625 0.07265625
2 0.97421875 0.19921875 0.0109375 0.05234375
2 0.96796875 0.28828125 0.009375 0.05859375
2 0.95234375 0.284375 0.01328125 0.04765625
2 0.959375 0.60078125 0.01640625 0.06640625
2 0.7765625 0.49609375 0.01328125 0.06015625
2 0.74453125 0.5984375 0.01328125 0.06796875
2 0.94375 0.75234375 0.01796875 0.07890625
2 0.92578125 0.74140625 0.01640625 0.07890625
2 0.87734375 0.7421875 0.01640625 0.07421875
2 0.871875 0.8625 0.01875 0.05859375
2 0.9140625 0.9734375 0.015625 0.04296875
2 0.2234375 0.39765625 0.01640625 0.06328125
2 0.22578125 0.153125 0.0125 0.04921875
0 0.15 0.678125 0.196875 0.35
2 0.33515625 0.2421875 0.009375 0.0703125
2 0.36484375 0.2375 0.0125 0.05703125
2 0.37890625 0.22421875 0.00546875 0.05546875
2 0.3671875 0.215625 0.0109375 0.0546875
2 0.3234375 0.02734375 0.00703125 0.05
2 0.1359375 0.0921875 0.0109375 0.04765625
2 0.10078125 0.16875 0.009375 0.04765625
2 0.1921875 0.1203125 0.01015625 0.0484375
2 0.1046875 0.159375 0.009375 0.05
2 0.1953125 0.0890625 0.01171875 0.06015625
2 0.090625 0.0859375 0.01015625 0.02890625
2 0.1046875 0.06796875 0.00625 0.04609375
2 0.1078125 0.075 0.01015625 0.04609375
1 0.42109375 0.21875 0.0953125 0.14140625
0 0.3734375 0.03515625 0.084375 0.0703125