1 0.70234375 0.4265625 0.10390625 0.19609375
1 0.40625 0.26953125 0.090625 0.146875
0 0.090625 0.3390625 0.18046875 0.134375
0 0.45234375 0.865625 0.23515625 0.26875
0 0.57265625 0.56171875 0.16875 0.33046875
2 0.790625 0.346875 0.0078125 0.06484375
2 0.8171875 0.4109375 0.0078125 0.0625
2 0.78125 0.6453125 0.0109375 0.08671875
2 0.94296875 0.86953125 0.021875 0.0578125
2 0.60546875 0.7203125 0.01640625 0.06796875
2 0.6546875 0.6125 0.0125 0.071875
2 0.5671875 0.6890625 0.01328125 0.06875
2 0.7359375 0.615625 0.01171875 0.06875
2 0.73515625 0.6421875 0.01484375 0.05859375
2 0.58125 0.671875 0.01484375 0.0703125
2 0.46015625 0.1015625 0.01640625 0.053125
2 0.13203125 0.0703125 0.01484375 0.0453125
2 0.3046875 0.07734375 0.01171875 0.0453125
2 0.08359375 0.57265625 0.01015625 0.08046875
2 0.13359375 0.571875 0.01875 0.0640625
2 0.1109375 0.2328125 0.01640625 0.0453125
2 0.4234375 0.103125 0.01328125 0.0515625
2 0.7921875 0.51171875 0.0125 0.0828125
2 0.75859375 0.43828125 0.01171875 0.0515625
2 0.7421875 0.48671875 0.0109375 0.0640625
2 0.80546875 0.496875 0.00546875 0.07109375
2 0.7984375 0.496875 0.00859375 0.06015625
2 0.79140625 0.815625 0.01484375 0.07421875
2 0.7609375 0.49609375 0.009375 0.06171875
2 0.74921875 0.4375 0.01015625 0.06328125
2 0.16171875 0.54296875 0.01484375 0.06640625
2 0.18828125 0.50234375 0.0140625 0.0578125
2 0.1890625 0.4125 0.0140625 0.0671875
2 0.19609375 0.38359375 0.009375 0.05703125
2 0.246875 0.38984375 0.01015625 0.0578125
2 0.29140625 0.36171875 0.01015625 0.05703125
2 0.2046875 0.328125 0.01171875 0.0609375
2 0.32421875 0.32265625 0.0140625 0.05859375
2 0.4015625 0.1703125 0.01015625 0.0453125
2 0.41484375 0.159375 0.0125 0.05078125
2 0.34453125 0.28671875 0.01328125 0.05234375
2 0.3234375 0.27265625 0.01328125 0.04765625
2 0.30078125 0.31015625 0.0109375 0.05546875
2 0.2921875 0.30859375 0.00703125 0.03984375
2 0.21796875 0.33046875 0.0078125 0.053125
2 0.35859375 0.24140625 0.009375 0.05625
2 0.3515625 0.26640625 0.01015625 0.0515625
2 0.27890625 0.04609375 0.01328125 0.0390625
2 0.3234375 0.028125 0.01015625 0.046875
2 0.31875 0.109375 0.01171875 0.04609375
2 0.1828125 0.03046875 0.01328125 0.04453125
2 0.3421875 0.14375 0.00859375 0.0453125
2 0.28671875 0.21875 0.00859375 0.04921875
2 0.09453125 0.059375 0.01171875 0.04453125
2 0.01875 0.290625 0.01875 0.05546875
2 0.03515625 0.2421875 0.0171875 0.0453125