2 0.16015625 0.53359375 0.009375 0.03046875
2 0.175 0.540625 0.0109375 0.02890625
2 0.140625 0.31953125 0.00859375 0.01875
2 0.16875 0.2 0.00859375 0.0296875
2 0.1984375 0.2828125 0.009375 0.02578125
2 0.2765625 0.33046875 0.009375 0.03046875
2 0.303125 0.3734375 0.009375 0.034375
2 0.27734375 0.53359375 0.01015625 0.04296875
2 0.2984375 0.528125 0.01171875 0.03671875
2 0.3234375 0.5578125 0.01015625 0.0390625
2 0.3828125 0.44296875 0.0109375 0.03125
2 0.38359375 0.57421875 0.01171875 0.02890625
2 0.4265625 0.5171875 0.0125 0.03359375
2 0.4328125 0.48671875 0.00859375 0.03125
2 0.46640625 0.4484375 0.01328125 0.0296875
2 0.015625 0.5125 0.01015625 0.0296875
2 0.528125 0.45 0.0078125 0.01875
2 0.5203125 0.54296875 0.0078125 0.03046875
2 0.52578125 0.5375 0.009375 0.0359375
2 0.55 0.571875 0.01171875 0.034375
2 0.60859375 0.60859375 0.0078125 0.0375
2 0.62265625 0.60390625 0.0109375 0.0359375
2 0.6265625 0.60234375 0.01171875 0.03359375
2 0.659375 0.6 0.0109375 0.03671875
2 0.65390625 0.54453125 0.01015625 0.034375
2 0.71640625 0.4078125 0.01015625 0.028125
2 0.75859375 0.3421875 0.0109375 0.03828125
2 0.76796875 0.35078125 0.009375 0.040625
2 0.8265625 0.59921875 0.00703125 0.03671875
2 0.81953125 0.609375 0.01328125 0.03984375
2 0.9 0.59921875 0.00859375 0.028125
2 0.8984375 0.653125 0.0125 0.04140625
2 0.915625 0.628125 0.00703125 0.03125
2 0.93359375 0.59765625 0.01015625 0.04453125
2 0.978125 0.609375 0.01328125 0.03984375
2 0.94375 0.69765625 0.00859375 0.03828125
2 0.95234375 0.70078125 0.01328125 0.040625
2 0.778125 0.34609375 0.01171875 0.0375
2 0.96015625 0.3125 0.0109375 0.0359375
2 0.97421875 0.1203125 0.0078125 0.0171875
2 0.98046875 0.1203125 0.009375 0.0171875
0 0.31328125 0.6375 0.16328125 0.1015625
0 0.64375 0.68359375 0.15859375 0.1125