1 0.29296875 0.525 0.0953125 0.20703125
0 0.52109375 0.8796875 0.15859375 0.240625
1 0.4765625 0.1125 0.07265625 0.1265625
1 0.6921875 0.42265625 0.10390625 0.21875
1 0.81484375 0.61875 0.11171875 0.2375
0 0.72890625 0.17890625 0.16953125 0.221875
2 0.98359375 0.3671875 0.01171875 0.053125
2 0.96328125 0.1921875 0.0125 0.04921875
2 0.96015625 0.15859375 0.01484375 0.04609375
2 0.94765625 0.2375 0.0140625 0.0640625
2 0.90546875 0.284375 0.01171875 0.0625
2 0.934375 0.1359375 0.009375 0.053125
2 0.83671875 0.30625 0.0140625 0.05546875
2 0.840625 0.065625 0.0140625 0.0484375
2 0.7875 0.053125 0.00859375 0.04296875
2 0.88828125 0.12421875 0.01171875 0.0453125
2 0.8015625 0.08984375 0.0125 0.0546875
2 0.7890625 0.42890625 0.0109375 0.0640625
2 0.80859375 0.4046875 0.01484375 0.0578125
2 0.9140625 0.10078125 0.01015625 0.04296875
2 0.91015625 0.52734375 0.015625 0.0671875
2 0.91171875 0.61328125 0.01328125 0.0703125
2 0.91875 0.60234375 0.01484375 0.07890625
2 0.9109375 0.096875 0.009375 0.04921875
2 0.77109375 0.434375 0.01640625 0.059375
2 0.49296875 0.053125 0.01015625 0.0484375
2 0.50078125 0.071875 0.0125 0.03671875
2 0.53046875 0.08203125 0.01328125 0.05546875
2 0.54921875 0.06171875 0.0078125 0.04296875
2 0.5625 0.07890625 0.00859375 0.04453125
2 0.575 0.103125 0.01015625 0.04140625
2 0.5796875 0.1859375 0.0125 0.05625
2 0.6046875 0.1859375 0.00859375 0.0453125
2 0.61953125 0.23046875 0.0125 0.053125
2 0.81484375 0.346875 0.01328125 0.0609375
2 0.7828125 0.3859375 0.00859375 0.06875
2 0.78984375 0.32578125 0.01171875 0.0546875
2 0.81953125 0.49765625 0.0140625 0.07265625
2 0.6359375 0.26171875 0.0125 0.05625
2 0.759375 0.340625 0.0125 0.0515625
2 0.7296875 0.3640625 0.00859375 0.02890625
2 0.72265625 0.34296875 0.00859375 0.0546875
2 0.7125 0.33125 0.0078125 0.0328125
2 0.67578125 0.26875 0.01015625 0.05234375
2 0.66171875 0.2359375 0.01171875 0.04765625
2 0.7015625 0.30546875 0.01015625 0.025
2 0.05703125 0.46796875 0.0140625 0.06875
2 0.346875 0.771875 0.0125 0.0640625
2 0.37109375 0.79609375 0.0125 0.065625
2 0.19921875 0.41015625 0.00625 0.05859375
2 0.246875 0.74609375 0.01015625 0.0625
2 0.26484375 0.69765625 0.0109375 0.07265625
2 0.2875 0.7375 0.01640625 0.04609375
2 0.29609375 0.7234375 0.01484375 0.0625
2 0.20546875 0.4390625 0.00859375 0.05859375
2 0.2125 0.4546875 0.01015625 0.04921875
2 0.21796875 0.4765625 0.00703125 0.05859375
2 0.2234375 0.49765625 0.00859375 0.0609375
2 0.23046875 0.5390625 0.00859375 0.06171875
2 0.24609375 0.6390625 0.0109375 0.065625
2 0.25625 0.646875 0.01015625 0.0578125
2 0.28828125 0.690625 0.01015625 0.05078125
2 0.27421875 0.67265625 0.0109375 0.065625
2 0.2625 0.6609375 0.01171875 0.04609375
2 0.25078125 0.61796875 0.0078125 0.0453125
2 0.2359375 0.5828125 0.01015625 0.05234375
2 0.7703125 0.38046875 0.0109375 0.04453125