1 0.51796875 0.1015625 0.0734375 0.1390625
1 0.61953125 0.6859375 0.121875 0.2421875
1 0.26640625 0.46640625 0.1109375 0.20390625
0 0.371875 0.034375 0.0875 0.06875
2 0.9453125 0.76953125 0.0171875 0.0765625
2 0.83203125 0.89140625 0.01640625 0.06796875
2 0.63046875 0.84453125 0.0171875 0.07421875
2 0.65859375 0.7703125 0.0140625 0.075
2 0.75703125 0.7453125 0.00859375 0.07421875
2 0.721875 0.725 0.0171875 0.07734375
2 0.746875 0.6640625 0.01328125 0.07265625
2 0.76640625 0.5203125 0.01484375 0.06328125
2 0.7890625 0.4421875 0.0125 0.0578125
2 0.1875 0.359375 0.0140625 0.06328125
2 0.21484375 0.3203125 0.02109375 0.05234375
2 0.209375 0.378125 0.0109375 0.06171875
2 0.22734375 0.4015625 0.0140625 0.06015625
2 0.321875 0.33125 0.009375 0.0671875
2 0.03359375 0.090625 0.0140625 0.04140625
2 0.40234375 0.19765625 0.015625 0.0578125
2 0.365625 0.20625 0.0109375 0.059375
2 0.36875 0.25234375 0.01171875 0.05546875
2 0.35625 0.23984375 0.00859375 0.04296875
2 0.33359375 0.246875 0.009375 0.05
2 0.32109375 0.26640625 0.00546875 0.0453125
2 0.35546875 0.2796875 0.01171875 0.05
2 0.771875 0.64765625 0.01328125 0.0703125