2 0.06953125 0.9296875 0.01796875 0.071875
2 0.11328125 0.54765625 0.015625 0.06484375
2 0.1234375 0.4953125 0.0140625 0.06953125
2 0.21484375 0.5609375 0.01640625 0.07265625
2 0.2625 0.671875 0.015625 0.0703125
2 0.3234375 0.740625 0.021875 0.08125
0 0.5140625 0.878125 0.1734375 0.24296875
2 0.92109375 0.73515625 0.0140625 0.0703125
2 0.99296875 0.6328125 0.0109375 0.06171875
2 0.90703125 0.521875 0.0140625 0.06484375
2 0.83671875 0.5171875 0.01328125 0.06953125
2 0.7671875 0.42109375 0.01328125 0.0578125
2 0.76484375 0.3390625 0.01015625 0.0484375
2 0.91640625 0.27265625 0.0140625 0.05703125
2 0.84296875 0.075 0.01328125 0.04375
2 0.67109375 0.2796875 0.009375 0.0546875
2 0.67421875 0.24140625 0.009375 0.04765625
2 0.64921875 0.24765625 0.009375 0.0578125
2 0.63203125 0.084375 0.00703125 0.04375
2 0.52421875 0.05078125 0.00859375 0.05078125
2 0.5625 0.11015625 0.00859375 0.05078125
2 0.57578125 0.11953125 0.0109375 0.0484375
2 0.63359375 0.2109375 0.01171875 0.0484375
2 0.63671875 0.18515625 0.009375 0.0484375
1 0.50390625 0.125 0.0828125 0.1484375