1 0.29765625 0.52421875 0.1046875 0.21484375
0 0.54375 0.88828125 0.17734375 0.2234375
2 0.33515625 0.7609375 0.00859375 0.05078125
2 0.2421875 0.640625 0.01328125 0.0625
2 0.203125 0.41015625 0.015625 0.065625
2 0.2359375 0.5828125 0.01328125 0.0546875
2 0.225 0.52265625 0.0140625 0.0640625
2 0.2078125 0.43515625 0.00859375 0.0515625
2 0.22890625 0.48671875 0.00546875 0.03671875
2 0.2203125 0.4828125 0.0078125 0.0515625
2 0.896875 0.53203125 0.00859375 0.06796875
2 0.90625 0.50078125 0.00859375 0.0640625
2 0.80703125 0.353125 0.01484375 0.05234375
2 0.81171875 0.2953125 0.009375 0.0453125
2 0.99375 0.1484375 0.00859375 0.04765625
2 0.996875 0.31171875 0.00546875 0.05546875
2 0.98984375 0.328125 0.0109375 0.05390625
2 0.95 0.14453125 0.0125 0.0453125
2 0.9640625 0.1125 0.01015625 0.04609375
2 0.94296875 0.10703125 0.00859375 0.046875
2 0.846875 0.18515625 0.01015625 0.0546875
2 0.87265625 0.11875 0.01015625 0.04453125
2 0.9046875 0.0828125 0.009375 0.03984375
2 0.8546875 0.06953125 0.009375 0.04140625
2 0.7359375 0.03515625 0.01015625 0.04765625
2 0.6859375 0.02578125 0.01171875 0.0453125
2 0.66875 0.09375 0.00546875 0.04453125
2 0.6625 0.10703125 0.00859375 0.040625
2 0.71875 0.2203125 0.01015625 0.040625
2 0.54375 0.04296875 0.0109375 0.05
2 0.51875 0.07578125 0.00859375 0.05234375
2 0.54765625 0.13125 0.00859375 0.0484375
2 0.56171875 0.16640625 0.0109375 0.05390625
2 0.56953125 0.159375 0.00625 0.05078125
2 0.58046875 0.134375 0.01015625 0.05
2 0.59296875 0.1640625 0.01171875 0.046875
2 0.6140625 0.24296875 0.00859375 0.04921875
2 0.72890625 0.22421875 0.00703125 0.025
2 0.63125 0.21640625 0.0125 0.0546875
2 0.6578125 0.2984375 0.01171875 0.0578125
2 0.67109375 0.26953125 0.009375 0.07109375
2 0.7171875 0.3421875 0.009375 0.05390625
2 0.7578125 0.3515625 0.0125 0.05078125
2 0.7296875 0.39140625 0.009375 0.06484375
2 0.7390625 0.38203125 0.009375 0.05703125
2 0.759375 0.40546875 0.009375 0.059375
2 0.7515625 0.4125 0.01015625 0.06015625
2 0.7015625 0.3203125 0.0140625 0.06015625
2 0.64140625 0.24140625 0.0109375 0.0625
2 0.728125 0.31953125 0.00703125 0.04765625
2 0.66484375 0.2359375 0.00859375 0.0484375