2 0.6265625 0.821875 0.01640625 0.06640625
2 0.88203125 0.5578125 0.0171875 0.07578125
2 0.884375 0.51015625 0.01875 0.05078125
2 0.778125 0.58984375 0.01796875 0.07109375
2 0.7859375 0.4828125 0.015625 0.06484375
2 0.7484375 0.59375 0.015625 0.07265625
2 0.78671875 0.29375 0.01484375 0.04765625
2 0.8578125 0.07109375 0.0109375 0.05234375
1 0.75703125 0.2734375 0.0703125 0.1546875
0 0.49453125 0.8625 0.178125 0.275
2 0.525 0.04140625 0.009375 0.0328125
1 0.55859375 0.04140625 0.0671875 0.0828125
1 0.5109375 0.11484375 0.0859375 0.1484375
2 0.0953125 0.5265625 0.0109375 0.06953125
2 0.18828125 0.36875 0.0078125 0.06328125
2 0.3203125 0.259375 0.009375 0.04609375
2 0.375 0.20234375 0.0078125 0.0546875
2 0.39140625 0.2046875 0.0109375 0.034375
2 0.07734375 0.36484375 0.015625 0.059375
2 0.0203125 0.3171875 0.0140625 0.053125
2 0.40703125 0.16328125 0.009375 0.0484375
2 0.4265625 0.14609375 0.01015625 0.0484375
2 0.45 0.075 0.01015625 0.05234375
2 0.43671875 0.059375 0.01015625 0.0453125
2 0.36328125 0.184375 0.00625 0.05234375
2 0.20625 0.034375 0.009375 0.0453125
2 0.02890625 0.1109375 0.01640625 0.06015625
2 0.08515625 0.225 0.01640625 0.0546875
2 0.0890625 0.15859375 0.01328125 0.05078125
2 0.02265625 0.07265625 0.0109375 0.03671875
2 0.1171875 0.17578125 0.01640625 0.04609375
2 0.134375 0.13828125 0.01171875 0.0453125
2 0.1484375 0.17109375 0.01640625 0.04765625
2 0.134375 0.17734375 0.01015625 0.04375
2 0.140625 0.203125 0.0109375 0.05234375
0 0.375 0.328125 0.15078125 0.2421875