2 0.98203125 0.640625 0.01328125 0.04609375
2 0.8578125 0.675 0.015625 0.04296875
2 0.796875 0.63984375 0.0109375 0.04921875
2 0.75390625 0.63359375 0.0140625 0.05390625
2 0.7140625 0.62265625 0.0109375 0.0453125
2 0.6875 0.62734375 0.01015625 0.0421875
2 0.65625 0.59921875 0.009375 0.0421875
2 0.69375 0.596875 0.0109375 0.0390625
2 0.71796875 0.5875 0.0125 0.0390625
2 0.725 0.53203125 0.009375 0.04765625
2 0.7515625 0.521875 0.01015625 0.03046875
2 0.7609375 0.515625 0.009375 0.03125
2 0.725 0.45078125 0.00859375 0.034375
2 0.734375 0.44609375 0.00859375 0.0375
2 0.7390625 0.44765625 0.009375 0.040625
2 0.609375 0.55546875 0.00859375 0.03984375
2 0.61171875 0.53828125 0.009375 0.040625
2 0.59296875 0.5328125 0.01015625 0.0421875
2 0.5609375 0.53671875 0.01015625 0.03515625
2 0.57265625 0.52109375 0.00703125 0.03359375
2 0.565625 0.52109375 0.00625 0.03984375
2 0.5421875 0.5140625 0.01015625 0.0375
2 0.53046875 0.528125 0.01015625 0.0375
2 0.52109375 0.5078125 0.00859375 0.03984375
2 0.49765625 0.49140625 0.01015625 0.03671875
1 0.6125 0.64140625 0.0765625 0.10859375
2 0.15390625 0.65390625 0.0109375 0.0375
2 0.18984375 0.65625 0.01015625 0.03828125
2 0.21171875 0.6140625 0.00859375 0.04296875
2 0.19609375 0.640625 0.009375 0.04140625
2 0.18515625 0.62890625 0.00859375 0.03984375
2 0.26015625 0.5828125 0.01015625 0.03203125
2 0.28046875 0.5859375 0.0109375 0.034375
2 0.2828125 0.57890625 0.00859375 0.04453125
2 0.31875 0.5640625 0.01015625 0.03515625
2 0.328125 0.546875 0.0140625 0.03984375
2 0.34140625 0.55390625 0.0125 0.0359375
2 0.3859375 0.54296875 0.0109375 0.040625
2 0.46796875 0.4828125 0.0109375 0.03359375
2 0.45234375 0.496875 0.00703125 0.03515625
2 0.446875 0.46015625 0.0078125 0.034375
2 0.56640625 0.36796875 0.0109375 0.0359375
2 0.55859375 0.34453125 0.00703125 0.01953125
2 0.5078125 0.35703125 0.00859375 0.04375
2 0.51796875 0.346875 0.009375 0.03046875
2 0.41875 0.490625 0.009375 0.0375
2 0.41328125 0.4828125 0.0078125 0.04140625
2 0.421875 0.4640625 0.0078125 0.03671875
2 0.39921875 0.46484375 0.00859375 0.0328125
2 0.4078125 0.45625 0.00859375 0.03203125
2 0.41484375 0.45703125 0.00703125 0.040625
2 0.3890625 0.5125 0.01015625 0.0390625
2 0.375 0.5265625 0.009375 0.03984375
2 0.36875 0.52421875 0.009375 0.0359375
2 0.36484375 0.51796875 0.00703125 0.040625
2 0.39921875 0.49296875 0.01015625 0.04140625
2 0.35546875 0.5203125 0.00859375 0.04453125
2 0.35 0.5296875 0.009375 0.04375
2 0.34765625 0.51796875 0.00859375 0.0484375
0 0.09921875 0.315625 0.04296875 0.0578125
0 0.05625 0.29453125 0.03203125 0.05078125
0 0.4015625 0.353125 0.06015625 0.08515625
0 0.25390625 0.33359375 0.0890625 0.06484375
2 0.60234375 0.16875 0.00390625 0.0234375
2 0.59453125 0.17265625 0.00390625 0.0203125
2 0.58984375 0.17578125 0.00390625 0.01796875
2 0.58125 0.18046875 0.00546875 0.01484375
2 0.5171875 0.2046875 0.0046875 0.01953125
2 0.503125 0.21171875 0.0046875 0.0203125
2 0.4890625 0.2203125 0.00390625 0.02265625
2 0.45390625 0.225 0.00546875 0.01640625
2 0.43828125 0.23671875 0.00625 0.01875
2 0.37421875 0.23984375 0.0046875 0.02578125
2 0.38203125 0.27578125 0.00390625 0.021875
2 0.378125 0.28046875 0.003125 0.02890625
2 0.3703125 0.28203125 0.0078125 0.021875
2 0.36171875 0.2859375 0.00625 0.0203125
2 0.3640625 0.27734375 0.0078125 0.02578125
2 0.36484375 0.21015625 0.00703125 0.01796875
2 0.3859375 0.1984375 0.00546875 0.01875