2 0.90234375 0.7015625 0.0171875 0.05546875
2 0.709375 0.59765625 0.0140625 0.04375
2 0.65078125 0.5765625 0.0125 0.04609375
2 0.690625 0.48125 0.00859375 0.0328125
2 0.67578125 0.503125 0.01015625 0.040625
2 0.5765625 0.52578125 0.01015625 0.0375
2 0.5578125 0.51328125 0.00859375 0.040625
2 0.665625 0.4125 0.0140625 0.02578125
2 0.80234375 0.50390625 0.00703125 0.03515625
0 0.71796875 0.69609375 0.15859375 0.16171875
1 0.67265625 0.71015625 0.08515625 0.125
2 0.503125 0.5046875 0.0078125 0.03359375
2 0.43046875 0.4875 0.0078125 0.03984375
2 0.4828125 0.49140625 0.01015625 0.03671875
2 0.47421875 0.47890625 0.0078125 0.03828125
2 0.4484375 0.44921875 0.009375 0.03125
2 0.440625 0.44375 0.00703125 0.02734375
2 0.56796875 0.340625 0.00546875 0.01953125
2 0.5609375 0.3390625 0.00625 0.02421875
2 0.534375 0.359375 0.00546875 0.0203125
2 0.54453125 0.3546875 0.0046875 0.02109375
2 0.4234375 0.30703125 0.00625 0.0265625
2 0.5171875 0.20234375 0.00390625 0.025
2 0.509375 0.209375 0.00625 0.021875
2 0.503125 0.2109375 0.00625 0.01640625
2 0.44921875 0.17890625 0.00546875 0.01953125
2 0.4453125 0.196875 0.00625 0.01640625
2 0.40078125 0.2125 0.00390625 0.015625
2 0.37421875 0.271875 0.0078125 0.02265625
2 0.38359375 0.2703125 0.0078125 0.0203125
2 0.39140625 0.271875 0.00546875 0.01875
2 0.396875 0.26484375 0.0046875 0.025
2 0.3578125 0.2796875 0.00546875 0.025
2 0.36015625 0.27109375 0.0046875 0.02421875
2 0.60390625 0.1703125 0.00390625 0.01953125
2 0.59609375 0.171875 0.00546875 0.0171875