2 0.45625 0.01953125 0.009375 0.0390625
2 0.45859375 0.0609375 0.009375 0.05
2 0.4484375 0.103125 0.0078125 0.046875
2 0.409375 0.1515625 0.00703125 0.04453125
2 0.40078125 0.18125 0.01015625 0.04921875
2 0.38359375 0.20078125 0.01015625 0.05390625
2 0.371875 0.23125 0.01171875 0.05
2 0.35859375 0.2421875 0.01171875 0.053125
2 0.33984375 0.253125 0.01328125 0.059375
2 0.484375 0.42578125 0.01640625 0.06328125
2 0.0921875 0.54140625 0.0140625 0.06484375
2 0.18984375 0.478125 0.01484375 0.0640625
2 0.0109375 0.23359375 0.0140625 0.059375
2 0.08671875 0.26640625 0.01328125 0.05703125
2 0.08671875 0.22890625 0.0125 0.0546875
2 0.12109375 0.32109375 0.01484375 0.05390625
2 0.1515625 0.31796875 0.01328125 0.06484375
2 0.1546875 0.22578125 0.01328125 0.059375
2 0.159375 0.06640625 0.01640625 0.0453125
2 0.2015625 0.16171875 0.0140625 0.05078125
2 0.2234375 0.228125 0.01171875 0.05
2 0.2390625 0.04609375 0.01171875 0.0453125
2 0.246875 0.046875 0.0125 0.046875
2 0.19765625 0.39921875 0.01328125 0.05703125
2 0.2125 0.31953125 0.0109375 0.05
2 0.26640625 0.4203125 0.01484375 0.0609375
2 0.25 0.39375 0.0109375 0.05625
2 0.259375 0.3859375 0.00859375 0.05703125
2 0.265625 0.35703125 0.01015625 0.05078125
2 0.28515625 0.35859375 0.01171875 0.06171875
2 0.3125 0.33828125 0.01171875 0.05859375
2 0.3015625 0.31953125 0.01484375 0.046875
2 0.31171875 0.29140625 0.01015625 0.04375
2 0.34140625 0.2953125 0.00859375 0.05546875
2 0.33359375 0.325 0.01015625 0.0609375
2 0.04296875 0.60234375 0.01875 0.06015625
1 0.83203125 0.1140625 0.03203125 0.0796875
1 0.21875 0.6859375 0.11015625 0.2484375
0 0.4671875 0.8515625 0.1890625 0.2921875
2 0.98046875 0.76171875 0.01796875 0.0640625
2 0.89921875 0.31015625 0.0109375 0.05390625
2 0.88203125 0.415625 0.01015625 0.05390625
2 0.62578125 0.825 0.01171875 0.075
2 0.5953125 0.890625 0.01640625 0.05859375
2 0.6828125 0.70859375 0.0125 0.0703125
2 0.93359375 0.9765625 0.0171875 0.040625
2 0.88203125 0.9546875 0.01953125 0.07578125
2 0.56875 0.959375 0.0140625 0.03359375
2 0.559375 0.98203125 0.01328125 0.02890625
2 0.55703125 0.9421875 0.01796875 0.0796875
2 0.5359375 0.9859375 0.01015625 0.0265625
2 0.528125 0.97890625 0.01640625 0.04140625
2 0.81953125 0.61953125 0.0125 0.06484375
2 0.79453125 0.5859375 0.0140625 0.06875
2 0.8234375 0.56328125 0.0140625 0.05234375
2 0.78828125 0.71875 0.01796875 0.06796875
2 0.7796875 0.71171875 0.0171875 0.07734375
2 0.75078125 0.69921875 0.01328125 0.06875
2 0.73984375 0.7546875 0.0203125 0.0390625
2 0.7359375 0.73203125 0.0125 0.053125
2 0.71875 0.70625 0.0125 0.07578125
2 0.70546875 0.74140625 0.0109375 0.021875
2 0.7046875 0.67578125 0.01328125 0.06640625
2 0.69453125 0.62734375 0.01484375 0.06640625
2 0.7921875 0.4421875 0.00859375 0.0546875
2 0.79453125 0.45625 0.0140625 0.05546875
2 0.7859375 0.478125 0.015625 0.05
2 0.77265625 0.54453125 0.0109375 0.06875
2 0.72890625 0.665625 0.01328125 0.05234375
2 0.72421875 0.6328125 0.01328125 0.05546875
2 0.7390625 0.60703125 0.0125 0.0734375
2 0.746875 0.590625 0.01171875 0.0640625
2 0.75859375 0.58203125 0.0125 0.06953125
2 0.75234375 0.53984375 0.0140625 0.0328125
2 0.75703125 0.51328125 0.0125 0.025
2 0.771875 0.49296875 0.01015625 0.03828125