1 0.29375 0.42890625 0.08828125 0.21015625
1 0.590625 0.84296875 0.103125 0.225
1 0.53203125 0.29453125 0.07890625 0.17265625
1 0.59609375 0.275 0.0828125 0.1484375
0 0.6265625 0.02890625 0.09140625 0.05703125
0 0.7359375 0.18359375 0.15546875 0.25
0 0.79765625 0.5625 0.1890625 0.31640625
2 0.0546875 0.62265625 0.0125 0.06484375
2 0.03828125 0.63203125 0.01015625 0.0703125
2 0.009375 0.57734375 0.0125 0.07109375
2 0.42734375 0.67578125 0.0140625 0.065625
2 0.41328125 0.68671875 0.0125 0.075
2 0.14375 0.38828125 0.009375 0.0296875
2 0.175 0.38046875 0.01015625 0.059375
2 0.19765625 0.421875 0.009375 0.065625
2 0.18828125 0.403125 0.0125 0.0578125
2 0.203125 0.459375 0.0125 0.06484375
2 0.3328125 0.71953125 0.01953125 0.07109375
2 0.29921875 0.72578125 0.01328125 0.06484375
2 0.36640625 0.86171875 0.01640625 0.05625
2 0.34140625 0.78359375 0.01328125 0.04140625
2 0.2640625 0.60859375 0.01171875 0.0625
2 0.26875 0.6484375 0.01484375 0.059375
2 0.2625 0.7296875 0.01328125 0.078125
2 0.2625 0.67890625 0.01796875 0.059375
2 0.26875 0.675 0.003125 0.00234375
2 0.31796875 0.7359375 0.01015625 0.04921875
2 0.8125 0.36796875 0.01484375 0.06171875
2 0.78359375 0.37578125 0.02109375 0.07890625
2 0.98984375 0.2375 0.015625 0.053125
2 0.940625 0.665625 0.0203125 0.046875
2 0.959375 0.64375 0.01484375 0.0703125
2 0.88046875 0.10625 0.01171875 0.046875
2 0.83671875 0.11015625 0.01328125 0.0484375
2 0.87109375 0.03828125 0.01328125 0.04140625
2 0.76015625 0.35390625 0.01328125 0.06484375
2 0.74609375 0.384375 0.01015625 0.04921875
2 0.675 0.31875 0.009375 0.05859375
2 0.65703125 0.29140625 0.01015625 0.05546875
2 0.7625 0.040625 0.01796875 0.0390625
2 0.740625 0.3390625 0.0078125 0.03203125
2 0.74375 0.08125 0.01640625 0.04453125
2 0.64140625 0.23515625 0.01328125 0.06328125
2 0.62421875 0.22734375 0.01171875 0.0453125
2 0.73984375 0.06953125 0.009375 0.0453125
2 0.703125 0.334375 0.00859375 0.04375
2 0.59765625 0.17421875 0.01015625 0.0546875
2 0.58203125 0.0984375 0.00703125 0.04453125
2 0.5875 0.15625 0.009375 0.0484375
2 0.575 0.14609375 0.0109375 0.06015625
2 0.72734375 0.01953125 0.0078125 0.0390625
2 0.73515625 0.06015625 0.01328125 0.04609375