2 0.06328125 0.89375 0.02109375 0.075
2 0.09296875 0.7859375 0.01796875 0.06953125
2 0.63046875 0.8234375 0.0125 0.071875
2 0.2546875 0.725 0.0171875 0.06484375
2 0.2125 0.57890625 0.01875 0.06875
2 0.23359375 0.6484375 0.0171875 0.06953125
2 0.18203125 0.43125 0.01328125 0.05703125
2 0.009375 0.5703125 0.015625 0.06875
1 0.3390625 0.60234375 0.09921875 0.22734375
0 0.4828125 0.81640625 0.17421875 0.36015625
1 0.271875 0.39453125 0.0859375 0.19453125
0 0.40390625 0.51796875 0.15 0.27890625
2 0.14375 0.384375 0.0125 0.04609375
2 0.70625 0.85703125 0.015625 0.06875
2 0.6734375 0.9609375 0.015625 0.078125
2 0.7609375 0.9609375 0.01640625 0.06484375
2 0.89921875 0.56640625 0.0109375 0.06328125
2 0.6984375 0.9796875 0.015625 0.040625
2 0.9328125 0.603125 0.0140625 0.07109375
2 0.9640625 0.2109375 0.01171875 0.05390625
2 0.85859375 0.05859375 0.01328125 0.0421875
2 0.86953125 0.10859375 0.01015625 0.05859375
2 0.775 0.05546875 0.01015625 0.02890625
2 0.79375 0.1 0.01328125 0.05703125
2 0.80078125 0.08125 0.00859375 0.03828125
2 0.78203125 0.03828125 0.0125 0.03671875
2 0.7359375 0.01875 0.0109375 0.03671875
2 0.6984375 0.0453125 0.01484375 0.04609375
2 0.66640625 0.01640625 0.009375 0.0328125
2 0.80546875 0.42890625 0.01171875 0.0625
2 0.7984375 0.3703125 0.01328125 0.06328125
2 0.75703125 0.35078125 0.0109375 0.05546875
2 0.7609375 0.38359375 0.01484375 0.0609375
2 0.51328125 0.0453125 0.00859375 0.04609375
2 0.5640625 0.08125 0.01015625 0.05390625
2 0.678125 0.26953125 0.01015625 0.04609375
2 0.7421875 0.33828125 0.0078125 0.05
2 0.66015625 0.25546875 0.015625 0.053125
2 0.621875 0.22578125 0.01015625 0.0515625
2 0.64765625 0.234375 0.0140625 0.053125
2 0.60546875 0.18359375 0.0140625 0.04765625
2 0.6640625 0.128125 0.01015625 0.0453125
2 0.60390625 0.0796875 0.009375 0.0328125
1 0.66484375 0.3546875 0.0921875 0.1640625
1 0.45234375 0.0515625 0.0734375 0.103125