1 0.70859375 0.52734375 0.09921875 0.19921875
1 0.52109375 0.12265625 0.084375 0.14375
0 0.39296875 0.27890625 0.1421875 0.2296875
0 0.26875 0.4984375 0.1671875 0.29296875
0 0.42578125 0.03125 0.0953125 0.0625
0 0.11171875 0.39375 0.140625 0.24375
2 0.50078125 0.046875 0.00625 0.04765625
2 0.44609375 0.1515625 0.01171875 0.034375
2 0.428125 0.1453125 0.009375 0.0453125
2 0.5375 0.0171875 0.01171875 0.03203125
2 0.334375 0.09296875 0.0109375 0.053125
2 0.03125 0.2734375 0.009375 0.04609375
2 0.2578125 0.2 0.0125 0.05234375
2 0.18359375 0.09296875 0.01328125 0.0453125
2 0.30390625 0.07421875 0.0078125 0.034375
2 0.32109375 0.028125 0.00546875 0.05
2 0.3265625 0.03359375 0.01015625 0.04140625
2 0.16796875 0.0390625 0.00859375 0.05546875
2 0.1890625 0.27578125 0.01171875 0.0546875
2 0.15703125 0.24140625 0.0109375 0.04296875
2 0.08125 0.18515625 0.01015625 0.05546875
2 0.28125 0.22578125 0.009375 0.034375
2 0.03671875 0.59296875 0.01640625 0.053125
2 0.09921875 0.57890625 0.01484375 0.065625
2 0.16328125 0.55390625 0.0203125 0.065625
2 0.20390625 0.35625 0.01171875 0.06328125
2 0.19140625 0.37421875 0.0171875 0.06171875
2 0.21484375 0.440625 0.0125 0.06171875
2 0.2828125 0.34140625 0.01171875 0.0484375
2 0.24375 0.34765625 0.01328125 0.06171875
2 0.1953125 0.45859375 0.00859375 0.065625
2 0.23203125 0.42578125 0.0109375 0.0234375
2 0.303125 0.31796875 0.015625 0.0484375
2 0.21953125 0.2765625 0.0109375 0.034375
2 0.32578125 0.2625 0.01328125 0.053125
2 0.34609375 0.23125 0.0109375 0.05
2 0.41328125 0.09921875 0.01171875 0.05078125
2 0.2703125 0.2203125 0.009375 0.03359375
2 0.2359375 0.2625 0.00625 0.03359375
2 0.19140625 0.328125 0.009375 0.04296875
2 0.9828125 0.734375 0.01328125 0.06875
2 0.9859375 0.65 0.01953125 0.06328125
2 0.96328125 0.640625 0.0109375 0.071875
2 0.934375 0.53125 0.01640625 0.07421875
2 0.93359375 0.6671875 0.01328125 0.06171875
2 0.91640625 0.67890625 0.01171875 0.07421875
2 0.840625 0.2734375 0.01328125 0.04921875
2 0.79296875 0.73671875 0.01640625 0.075
2 0.7125 0.728125 0.0109375 0.078125
2 0.76015625 0.71328125 0.01484375 0.08359375
2 0.74296875 0.7046875 0.01328125 0.07421875
2 0.74609375 0.62578125 0.00859375 0.05078125
2 0.8015625 0.409375 0.0078125 0.06328125
2 0.7921875 0.434375 0.00703125 0.0484375
2 0.7875 0.45859375 0.01328125 0.0609375
2 0.77734375 0.51484375 0.01015625 0.0609375
2 0.76796875 0.60546875 0.009375 0.06875
2 0.76953125 0.56015625 0.009375 0.03671875
2 0.7734375 0.5484375 0.0109375 0.04296875
2 0.78125 0.4859375 0.01015625 0.05078125
2 0.57109375 0.959375 0.0078125 0.04921875
2 0.559375 0.97890625 0.01484375 0.034375
2 0.5796875 0.9203125 0.00859375 0.0359375