2 0.2265625 0.5359375 0.0171875 0.065625
2 0.2953125 0.73359375 0.01640625 0.053125
2 0.18828125 0.73828125 0.02265625 0.07421875
2 0.20703125 0.4296875 0.01640625 0.06171875
2 0.18828125 0.38046875 0.01171875 0.06015625
2 0.1796875 0.353125 0.0140625 0.07890625
0 0.346875 0.4703125 0.128125 0.2546875
0 0.421875 0.6734375 0.18125 0.18203125
0 0.51640625 0.8625 0.190625 0.27421875
2 0.12109375 0.09296875 0.01171875 0.040625
1 0.16171875 0.0828125 0.046875 0.103125
1 0.5078125 0.14609375 0.07421875 0.13125
0 0.66796875 0.35703125 0.1078125 0.1796875
2 0.96953125 0.9515625 0.02421875 0.07265625
2 0.9546875 0.96484375 0.01640625 0.05859375
2 0.865625 0.98671875 0.015625 0.0265625
2 0.9375 0.33359375 0.0140625 0.03359375
2 0.796875 0.38125 0.01484375 0.0578125
2 0.909375 0.23046875 0.01171875 0.059375
2 0.99375 0.1859375 0.0125 0.05703125
2 0.95859375 0.15234375 0.01328125 0.046875
2 0.9921875 0.1 0.00625 0.046875
2 0.83359375 0.11015625 0.01328125 0.05546875
2 0.78203125 0.33828125 0.01484375 0.06953125
2 0.8546875 0.01875 0.0125 0.03671875
2 0.79140625 0.03125 0.0125 0.05390625
2 0.7578125 0.05625 0.015625 0.053125
2 0.68828125 0.07890625 0.01328125 0.04921875
2 0.740625 0.37734375 0.01015625 0.07734375
2 0.73359375 0.3734375 0.0140625 0.06015625
2 0.72421875 0.35703125 0.01171875 0.0578125
2 0.7078125 0.31484375 0.01328125 0.04375
2 0.69375 0.29140625 0.01328125 0.04765625
2 0.7453125 0.2359375 0.0109375 0.01875
2 0.7234375 0.228125 0.0140625 0.0265625
2 0.715625 0.215625 0.01015625 0.034375
0 0.93359375 0.459375 0.1328125 0.290625
2 0.68203125 0.02265625 0.01015625 0.04296875
2 0.671875 0.01328125 0.01328125 0.0265625
2 0.66953125 0.253125 0.0109375 0.0671875
2 0.69296875 0.2609375 0.01484375 0.04765625
2 0.678125 0.2734375 0.0109375 0.06328125
2 0.6484375 0.2484375 0.01328125 0.0453125
2 0.65390625 0.240625 0.01328125 0.05390625
2 0.66328125 0.1484375 0.00859375 0.03046875
2 0.61015625 0.19375 0.009375 0.0484375
2 0.59140625 0.19609375 0.0109375 0.0625
2 0.5875 0.14296875 0.01328125 0.04765625
2 0.5796875 0.184375 0.01328125 0.059375