2 0.890625 0.8609375 0.01875 0.0578125
2 0.75859375 0.61484375 0.015625 0.0671875
2 0.9640625 0.5515625 0.02109375 0.06171875
2 0.875 0.565625 0.0171875 0.065625
2 0.803125 0.5265625 0.0171875 0.0625
2 0.84921875 0.5828125 0.0140625 0.06796875
2 0.2171875 0.40546875 0.01015625 0.06015625
2 0.23046875 0.4078125 0.009375 0.06171875
2 0.26171875 0.378125 0.0109375 0.059375
2 0.228125 0.38046875 0.0078125 0.04140625
2 0.24375 0.34296875 0.01328125 0.053125
2 0.275 0.3171875 0.00703125 0.05078125
0 0.478125 0.85390625 0.19921875 0.29140625
1 0.634375 0.66328125 0.109375 0.23125
1 0.7234375 0.4 0.07890625 0.1953125
0 0.65625 0.35546875 0.1171875 0.259375
1 0.60625 0.0375 0.0765625 0.07265625
2 0.5125 0.05 0.0109375 0.0359375
2 0.4390625 0.1375 0.0125 0.03046875
2 0.2921875 0.03359375 0.00625 0.05078125
2 0.33828125 0.01640625 0.0109375 0.0328125
2 0.109375 0.05078125 0.01171875 0.0484375
2 0.0953125 0.08125 0.00859375 0.03828125
2 0.41640625 0.16328125 0.0109375 0.053125
2 0.41484375 0.128125 0.0125 0.0484375
2 0.4046875 0.1796875 0.0109375 0.0546875
2 0.37890625 0.21953125 0.01015625 0.05
2 0.36796875 0.23203125 0.0140625 0.0546875
2 0.3546875 0.246875 0.01640625 0.02890625
2 0.3453125 0.23984375 0.009375 0.04765625
2 0.31953125 0.2515625 0.0046875 0.05234375
2 0.271875 0.228125 0.0109375 0.0234375
1 0.5421875 0.059375 0.0453125 0.084375
0 0.48515625 0.16640625 0.12109375 0.20234375
1 0.33046875 0.359375 0.10234375 0.1796875