0 0.4859375 0.8796875 0.17421875 0.240625
0 0.74296875 0.215625 0.0921875 0.2203125
1 0.55625 0.0578125 0.08359375 0.115625
0 0.43984375 0.28984375 0.1140625 0.246875
1 0.3296875 0.35859375 0.10234375 0.17109375
2 0.9234375 0.34140625 0.0171875 0.0484375
2 0.8890625 0.51484375 0.0171875 0.04375
2 0.88203125 0.56328125 0.01875 0.06015625
2 0.8328125 0.95 0.02421875 0.08671875
2 0.72890625 0.67109375 0.0171875 0.08203125
2 0.7421875 0.6234375 0.01953125 0.07265625
2 0.15703125 0.54765625 0.01015625 0.06484375
2 0.16953125 0.50234375 0.0078125 0.0578125
2 0.33359375 0.23359375 0.0109375 0.05
2 0.3015625 0.30234375 0.0171875 0.04140625
2 0.33359375 0.01875 0.01171875 0.03671875
2 0.3140625 0.153125 0.01015625 0.0484375
2 0.01171875 0.35 0.009375 0.0453125
2 0.12890625 0.2578125 0.009375 0.05
2 0.03125 0.2015625 0.01328125 0.05546875
2 0.2109375 0.1640625 0.0125 0.04375
2 0.08671875 0.17109375 0.01328125 0.053125
2 0.1625 0.09296875 0.0109375 0.0484375
2 0.20234375 0.14375 0.009375 0.0546875
2 0.18828125 0.11640625 0.01015625 0.04765625
2 0.18671875 0.09921875 0.0078125 0.04609375
2 0.165625 0.028125 0.009375 0.034375