2 0.01484375 0.21953125 0.0109375 0.0484375
2 0.13125 0.125 0.009375 0.05078125
2 0.14140625 0.08828125 0.01015625 0.04375
2 0.13359375 0.0234375 0.00859375 0.040625
2 0.23984375 0.0234375 0.00859375 0.04375
2 0.33125 0.01875 0.009375 0.0375
2 0.4078125 0.1015625 0.01171875 0.053125
2 0.1890625 0.48125 0.01484375 0.021875
2 0.3265625 0.3 0.0109375 0.0453125
0 0.1546875 0.6546875 0.20546875 0.34609375
1 0.296875 0.4109375 0.08671875 0.178125
1 0.2703125 0.6171875 0.1234375 0.22421875
1 0.46953125 0.65859375 0.12109375 0.2359375
1 0.6328125 0.66640625 0.1109375 0.22421875
1 0.721875 0.40625 0.08046875 0.20390625
2 0.378125 0.20390625 0.0109375 0.0484375
2 0.35546875 0.22890625 0.0078125 0.0546875
2 0.34609375 0.24375 0.01171875 0.059375
2 0.32265625 0.25390625 0.00859375 0.0453125
2 0.30703125 0.26328125 0.0078125 0.05234375
2 0.2796875 0.21796875 0.01328125 0.0359375
2 0.3328125 0.14609375 0.0109375 0.028125
2 0.27421875 0.31875 0.00703125 0.0453125
2 0.790625 0.5234375 0.01796875 0.065625
2 0.75625 0.6359375 0.01328125 0.06796875
2 0.7328125 0.68125 0.0171875 0.06796875
2 0.5796875 0.940625 0.0125 0.0671875
2 0.5578125 0.9671875 0.0125 0.065625
2 0.8625 0.5828125 0.01953125 0.0703125
2 0.87734375 0.55234375 0.0171875 0.06484375
2 0.9921875 0.28203125 0.0140625 0.0578125
2 0.9828125 0.45703125 0.01640625 0.06015625
2 0.9796875 0.42578125 0.0140625 0.06953125
2 0.9796875 0.6109375 0.01640625 0.06484375
2 0.96484375 0.6015625 0.0140625 0.06953125
2 0.95390625 0.59453125 0.0140625 0.0765625
2 0.246875 0.24609375 0.0078125 0.02109375
2 0.2546875 0.2359375 0.0078125 0.02265625
2 0.54765625 0.9875 0.01015625 0.025
0 0.4515625 0.94296875 0.1125 0.1140625