2 0.415625 0.5359375 0.0140625 0.04375
2 0.44296875 0.5328125 0.01640625 0.0453125
2 0.57734375 0.4703125 0.009375 0.03359375
2 0.546875 0.4890625 0.01015625 0.03125
2 0.5421875 0.484375 0.01015625 0.03828125
2 0.38671875 0.39296875 0.009375 0.0328125
2 0.4015625 0.3828125 0.009375 0.01953125
2 0.41640625 0.37890625 0.009375 0.0328125
2 0.4609375 0.37265625 0.0109375 0.03046875
2 0.4484375 0.3515625 0.00625 0.01875
2 0.33125 0.415625 0.00703125 0.0296875
2 0.3203125 0.4234375 0.0078125 0.01953125
2 0.21953125 0.47265625 0.0078125 0.03984375
2 0.22734375 0.46796875 0.0078125 0.0359375
2 0.240625 0.4578125 0.009375 0.03125
2 0.28203125 0.43671875 0.009375 0.0296875
2 0.2734375 0.44140625 0.009375 0.034375
2 0.23125 0.5140625 0.01015625 0.03125
2 0.2640625 0.5375 0.0109375 0.03671875
2 0.290625 0.59375 0.0109375 0.0453125
2 0.26484375 0.5984375 0.00859375 0.04140625
2 0.303125 0.6015625 0.00703125 0.01875
2 0.2765625 0.61171875 0.0078125 0.02578125
2 0.2828125 0.50390625 0.0078125 0.0390625
2 0.21484375 0.6265625 0.0109375 0.04375
2 0.23203125 0.62578125 0.00859375 0.0390625
2 0.253125 0.6296875 0.01015625 0.0203125
2 0.26328125 0.628125 0.00859375 0.0140625
2 0.24140625 0.6421875 0.0078125 0.01484375
2 0.0578125 0.70234375 0.009375 0.04140625
2 0.3984375 0.16875 0.00546875 0.02109375
2 0.49140625 0.19765625 0.00625 0.01953125
2 0.51171875 0.2203125 0.00625 0.01796875
2 0.5578125 0.2421875 0.00625 0.02421875
2 0.5578125 0.20859375 0.0046875 0.01796875
2 0.5578125 0.19140625 0.0046875 0.02109375
2 0.59453125 0.20078125 0.00625 0.02265625
2 0.59375 0.24921875 0.00703125 0.021875
2 0.6 0.246875 0.00703125 0.0234375
2 0.56875 0.2328125 0.00703125 0.02109375
2 0.58359375 0.23203125 0.00625 0.01875
2 0.64140625 0.27578125 0.00625 0.0234375
2 0.6359375 0.2890625 0.00625 0.01953125
2 0.625 0.296875 0.00546875 0.02265625
2 0.62109375 0.28984375 0.00625 0.0234375
2 0.6109375 0.2890625 0.00625 0.0203125
2 0.60078125 0.290625 0.00703125 0.02265625
2 0.60546875 0.2828125 0.00625 0.0265625