2 0.97890625 0.9546875 0.0265625 0.07265625
2 0.9140625 0.97578125 0.021875 0.0484375
2 0.91171875 0.5046875 0.01640625 0.0765625
2 0.81640625 0.4875 0.0203125 0.07265625
2 0.809375 0.41640625 0.01875 0.0640625
2 0.79140625 0.38515625 0.01328125 0.07109375
2 0.76640625 0.434375 0.015625 0.05078125
2 0.76484375 0.346875 0.0109375 0.07265625
0 0.62109375 0.43203125 0.11171875 0.20546875
0 0.353125 0.5015625 0.134375 0.30625
0 0.51484375 0.85859375 0.1859375 0.2828125
1 0.159375 0.0875 0.05234375 0.0859375
1 0.38359375 0.028125 0.06953125 0.05625
0 0.6234375 0.03046875 0.096875 0.0609375
2 0.5 0.01484375 0.009375 0.02890625
2 0.5921875 0.09375 0.01015625 0.04296875
2 0.54765625 0.1359375 0.01171875 0.046875
2 0.5609375 0.1625 0.01015625 0.0484375
2 0.8734375 0.0765625 0.01171875 0.0484375
2 0.903125 0.13671875 0.00859375 0.05390625
2 0.90859375 0.13671875 0.00703125 0.05390625
2 0.5875 0.15390625 0.0125 0.05703125
2 0.63828125 0.10703125 0.01015625 0.0203125
2 0.7234375 0.22421875 0.0140625 0.02734375
2 0.71796875 0.209375 0.00703125 0.0296875
2 0.72421875 0.39140625 0.01171875 0.0625
2 0.69921875 0.3546875 0.01171875 0.0640625
2 0.7375 0.3625 0.015625 0.065625
2 0.7234375 0.3484375 0.01328125 0.04296875
2 0.7125 0.3375 0.0125 0.0578125
2 0.68984375 0.30703125 0.0125 0.05859375
2 0.70234375 0.3109375 0.01171875 0.04375
2 0.69140625 0.2625 0.01171875 0.03984375
2 0.67265625 0.3015625 0.01171875 0.06015625
2 0.675 0.26015625 0.01015625 0.0421875
2 0.66953125 0.25546875 0.01015625 0.059375
2 0.65859375 0.2859375 0.0125 0.05625
2 0.65703125 0.25234375 0.01015625 0.0453125
2 0.65 0.2359375 0.00859375 0.05390625
2 0.63671875 0.2671875 0.01015625 0.06328125
2 0.62421875 0.2578125 0.01328125 0.05546875
2 0.63203125 0.221875 0.0109375 0.04296875
2 0.6375 0.18203125 0.0078125 0.0640625
2 0.61328125 0.19765625 0.01015625 0.05546875
2 0.60546875 0.2296875 0.0109375 0.05546875
2 0.60234375 0.17734375 0.01328125 0.04921875
2 0.584375 0.20390625 0.01015625 0.0578125
2 0.58671875 0.1921875 0.01015625 0.059375
2 0.4125 0.7328125 0.01875 0.09140625
2 0.35390625 0.76875 0.01328125 0.08046875
2 0.3390625 0.690625 0.01640625 0.0703125
2 0.3359375 0.7609375 0.01796875 0.0765625
2 0.33203125 0.71953125 0.015625 0.078125
2 0.2984375 0.73515625 0.01484375 0.0546875
2 0.3 0.70703125 0.0234375 0.0546875
2 0.3046875 0.51953125 0.0171875 0.06796875
2 0.25546875 0.56484375 0.01640625 0.07109375
2 0.2578125 0.6625 0.01484375 0.071875
2 0.2234375 0.54375 0.0203125 0.06328125
2 0.21484375 0.628125 0.0171875 0.078125
2 0.190625 0.73984375 0.01796875 0.07421875
2 0.08125 0.7640625 0.01953125 0.0828125
2 0.20234375 0.43046875 0.0109375 0.0625
2 0.18046875 0.3859375 0.0109375 0.06171875
2 0.16875 0.36796875 0.01328125 0.0640625
2 0.1359375 0.39375 0.015625 0.0359375
2 0.11796875 0.4109375 0.0125 0.05390625
2 0.0140625 0.55234375 0.02109375 0.06953125
2 0.0296875 0.515625 0.01171875 0.04609375
2 0.040625 0.50703125 0.0203125 0.065625
2 0.02109375 0.67109375 0.01796875 0.06953125
2 0.05625 0.71484375 0.01484375 0.06953125