2 0.890625 0.9140625 0.0234375 0.07421875
2 0.865625 0.92265625 0.02109375 0.07890625
2 0.7046875 0.73515625 0.01875 0.053125
2 0.6953125 0.68984375 0.015625 0.0734375
2 0.81171875 0.740625 0.015625 0.0671875
2 0.78125 0.5421875 0.0140625 0.07421875
2 0.79453125 0.428125 0.0171875 0.05703125
2 0.815625 0.38515625 0.01953125 0.06953125
2 0.821875 0.34296875 0.0109375 0.059375
2 0.990625 0.38359375 0.01875 0.0625
1 0.83671875 0.08515625 0.053125 0.08515625
0 0.4859375 0.86328125 0.175 0.27265625
0 0.56796875 0.67421875 0.19765625 0.17734375
0 0.6515625 0.471875 0.13203125 0.2671875
0 0.42890625 0.2515625 0.121875 0.1640625
1 0.496875 0.13515625 0.0828125 0.14453125
2 0.290625 0.0828125 0.0125 0.03984375
2 0.2421875 0.0578125 0.0125 0.040625
2 0.1984375 0.03984375 0.01484375 0.04375
2 0.16171875 0.04765625 0.01484375 0.04921875
2 0.109375 0.025 0.00859375 0.040625
2 0.43359375 0.14375 0.0109375 0.05390625
2 0.40703125 0.0875 0.01015625 0.028125
2 0.4109375 0.15 0.0125 0.0546875
2 0.36875 0.09765625 0.009375 0.03125
2 0.3359375 0.146875 0.0125 0.0296875
2 0.3296875 0.01328125 0.009375 0.0265625
2 0.2515625 0.240625 0.00859375 0.02265625
2 0.20390625 0.37734375 0.01640625 0.05078125
2 0.1828125 0.4859375 0.01796875 0.07265625
2 0.2109375 0.428125 0.01328125 0.06484375
2 0.2328125 0.3453125 0.01171875 0.06015625
2 0.26328125 0.38359375 0.01484375 0.065625
2 0.2640625 0.33046875 0.01015625 0.0546875
2 0.2921875 0.3734375 0.01484375 0.05859375
2 0.2765625 0.35703125 0.0140625 0.08359375
2 0.2890625 0.33046875 0.0140625 0.0421875
2 0.31328125 0.34296875 0.01484375 0.06328125
2 0.215625 0.32265625 0.009375 0.059375
2 0.303125 0.309375 0.0109375 0.0640625
2 0.3234375 0.27109375 0.01015625 0.05078125
2 0.2828125 0.209375 0.00703125 0.02890625
2 0.28046875 0.2234375 0.0125 0.0421875
2 0.33046875 0.30234375 0.01015625 0.06484375
2 0.340625 0.284375 0.0109375 0.06328125
2 0.346875 0.25703125 0.01484375 0.0625
2 0.37421875 0.20703125 0.01171875 0.04609375
2 0.3953125 0.19375 0.01171875 0.0421875
2 0.40859375 0.2015625 0.0109375 0.0234375
2 0.3515625 0.23828125 0.00859375 0.05
2 0.36015625 0.271875 0.0109375 0.07109375
2 0.021875 0.16484375 0.01484375 0.04921875