2 0.13828125 0.67421875 0.0125 0.0515625
2 0.22109375 0.6625 0.01328125 0.0421875
2 0.1140625 0.690625 0.01015625 0.053125
2 0.19609375 0.5078125 0.01015625 0.0421875
2 0.246875 0.50703125 0.009375 0.04296875
2 0.10546875 0.565625 0.0078125 0.02734375
2 0.24765625 0.65625 0.01015625 0.03515625
2 0.25390625 0.534375 0.0078125 0.02578125
2 0.26640625 0.6328125 0.00625 0.04375
2 0.2765625 0.628125 0.00625 0.03984375
2 0.28359375 0.6421875 0.009375 0.04453125
2 0.2984375 0.628125 0.009375 0.04765625
2 0.3203125 0.6125 0.0125 0.04375
2 0.33125 0.6 0.00859375 0.04921875
2 0.22109375 0.4703125 0.00859375 0.03515625
2 0.38125 0.55390625 0.01171875 0.0375
2 0.4078125 0.5359375 0.0078125 0.03125
2 0.45 0.41171875 0.00859375 0.04375
2 0.5140625 0.49296875 0.00859375 0.04296875
2 0.559375 0.4796875 0.009375 0.0515625
2 0.4640625 0.371875 0.00859375 0.0328125
2 0.49140625 0.3546875 0.0078125 0.03046875
2 0.62578125 0.28671875 0.00625 0.02265625
2 0.6203125 0.2796875 0.00625 0.0234375
2 0.60859375 0.26328125 0.00625 0.02734375
2 0.603125 0.26640625 0.0078125 0.02265625
2 0.5859375 0.24765625 0.0046875 0.02109375
2 0.57578125 0.23828125 0.0078125 0.02265625
2 0.56875 0.2484375 0.0046875 0.0234375
2 0.5546875 0.24140625 0.00625 0.021875
2 0.5390625 0.234375 0.00625 0.0203125
2 0.5515625 0.22734375 0.00625 0.021875
2 0.49296875 0.2015625 0.0046875 0.0234375
2 0.4828125 0.2 0.0046875 0.02421875
2 0.5078125 0.21953125 0.00703125 0.0203125
2 0.503125 0.21171875 0.0046875 0.0234375
2 0.428125 0.18125 0.00703125 0.025
2 0.39453125 0.1640625 0.0046875 0.01796875
2 0.49921875 0.20078125 0.00546875 0.01640625
2 0.55 0.178125 0.0046875 0.015625
2 0.5265625 0.2234375 0.00390625 0.0171875
2 0.57265625 0.31953125 0.00703125 0.0234375