0 0.48125 0.878125 0.171875 0.24375
0 0.46875 0.215625 0.125 0.21484375
2 0.8109375 0.94140625 0.01171875 0.07890625
2 0.690625 0.7 0.009375 0.0625
2 0.7015625 0.734375 0.01015625 0.05078125
2 0.70859375 0.6828125 0.009375 0.05703125
2 0.7640625 0.70859375 0.0140625 0.075
2 0.76953125 0.69921875 0.01328125 0.075
2 0.73984375 0.66015625 0.0125 0.0734375
2 0.7515625 0.60703125 0.01015625 0.0640625
2 0.81640625 0.69375 0.015625 0.0640625
2 0.815625 0.6234375 0.009375 0.0625
2 0.77734375 0.48984375 0.0140625 0.06171875
2 0.78359375 0.46796875 0.0109375 0.0609375
2 0.78671875 0.4796875 0.00859375 0.0671875
2 0.7921875 0.44140625 0.01015625 0.04765625
2 0.7953125 0.43203125 0.009375 0.04453125
2 0.7984375 0.41015625 0.01015625 0.05234375
2 0.9265625 0.4984375 0.01015625 0.0609375
2 0.9390625 0.50390625 0.01015625 0.06015625
0 0.028125 0.3609375 0.05625 0.0578125
0 0.28515625 0.1546875 0.15 0.21796875
2 0.04375 0.20859375 0.01171875 0.04609375
2 0.04921875 0.065625 0.01171875 0.0453125
2 0.1203125 0.14765625 0.0125 0.05
2 0.15234375 0.1828125 0.01015625 0.0515625
2 0.1 0.565625 0.0125 0.07265625
2 0.184375 0.1671875 0.00546875 0.05546875
2 0.07421875 0.0421875 0.01171875 0.04765625
2 0.20078125 0.084375 0.0125 0.04453125
2 0.1953125 0.06015625 0.009375 0.03125
2 0.06328125 0.32109375 0.0125 0.053125
2 0.05078125 0.31796875 0.01171875 0.03984375
2 0.0359375 0.31484375 0.0125 0.028125
2 0.2859375 0.0625 0.009375 0.04296875
2 0.16171875 0.084375 0.01015625 0.04140625
2 0.153125 0.0859375 0.00859375 0.04609375
2 0.14765625 0.07109375 0.01015625 0.0421875
2 0.1890625 0.35546875 0.015625 0.05546875
2 0.16015625 0.26640625 0.0140625 0.0515625
2 0.1484375 0.26640625 0.00859375 0.04765625
2 0.14453125 0.28125 0.01328125 0.053125
2 0.20703125 0.30625 0.0078125 0.0578125
2 0.2171875 0.321875 0.01171875 0.0609375
2 0.2359375 0.3359375 0.009375 0.0421875
2 0.24453125 0.3546875 0.00859375 0.05546875
2 0.22578125 0.37890625 0.01640625 0.05859375
2 0.24453125 0.4109375 0.00859375 0.06484375
2 0.2703125 0.3734375 0.0109375 0.05703125
2 0.2921875 0.31328125 0.0109375 0.05234375
2 0.275 0.32265625 0.0078125 0.046875
2 0.45703125 0.0390625 0.01015625 0.04140625
2 0.4453125 0.1296875 0.01015625 0.0515625
2 0.4125 0.140625 0.0109375 0.04375
2 0.4203125 0.12734375 0.009375 0.0546875
2 0.4328125 0.13203125 0.0109375 0.0546875
2 0.3828125 0.25078125 0.01171875 0.04765625
2 0.3734375 0.26328125 0.009375 0.04453125
2 0.35546875 0.2828125 0.01328125 0.05234375
2 0.30390625 0.29921875 0.0109375 0.04140625
2 0.30625 0.2640625 0.0078125 0.04609375
2 0.3234375 0.26640625 0.009375 0.0515625
2 0.3296875 0.25859375 0.0078125 0.06015625
2 0.34140625 0.234375 0.00703125 0.05625
2 0.3671875 0.22734375 0.01015625 0.0484375
1 0.3078125 0.39375 0.09296875 0.16875
2 0.02578125 0.7828125 0.015625 0.07265625
2 0.01015625 0.81328125 0.0203125 0.07734375
2 0.7421875 0.7546875 0.02109375 0.03359375
1 0.834375 0.1109375 0.04140625 0.10625