2 0.984375 0.67890625 0.0203125 0.08203125
2 0.553125 0.9640625 0.01796875 0.07109375
2 0.534375 0.78984375 0.0140625 0.0875
2 0.5484375 0.76953125 0.01640625 0.08125
2 0.59375 0.74375 0.01953125 0.09140625
2 0.73125 0.7078125 0.02578125 0.07421875
2 0.76484375 0.63515625 0.01875 0.0703125
0 0.6484375 0.58671875 0.12265625 0.228125
0 0.459375 0.90546875 0.15859375 0.18828125
0 0.475 0.73515625 0.21171875 0.390625
1 0.84296875 0.0875 0.0578125 0.09296875
0 0.715625 0.36953125 0.09140625 0.2046875
2 0.77109375 0.3953125 0.015625 0.06015625
2 0.75859375 0.36953125 0.0109375 0.07265625
2 0.7671875 0.3875 0.01171875 0.06875
2 0.990625 0.2109375 0.009375 0.05078125
2 0.01640625 0.31484375 0.0078125 0.0484375
2 0.0234375 0.309375 0.01171875 0.05390625
2 0.11953125 0.29375 0.0140625 0.0625
2 0.14609375 0.1421875 0.0171875 0.06484375
2 0.13046875 0.05859375 0.01328125 0.0515625
2 0.11640625 0.02890625 0.0125 0.0484375
2 0.23203125 0.0765625 0.0125 0.04453125
2 0.253125 0.084375 0.0109375 0.0484375
2 0.24765625 0.0453125 0.0109375 0.06796875
2 0.21171875 0.01640625 0.0109375 0.0328125
2 0.06015625 0.575 0.02421875 0.0734375
2 0.090625 0.6078125 0.02421875 0.06953125
2 0.1234375 0.5859375 0.01640625 0.0765625
2 0.15234375 0.5671875 0.01484375 0.06953125
2 0.17734375 0.50625 0.015625 0.06484375
2 0.23671875 0.39375 0.01953125 0.0640625
2 0.2359375 0.35234375 0.01484375 0.05390625
2 0.18828125 0.38828125 0.0140625 0.05390625
2 0.1890625 0.3640625 0.01171875 0.0546875
2 0.18671875 0.340625 0.00859375 0.03515625
2 0.2734375 0.35703125 0.01484375 0.06015625
2 0.29140625 0.33125 0.01328125 0.0578125
2 0.30546875 0.30859375 0.0125 0.05859375
2 0.309375 0.2609375 0.0109375 0.04453125
2 0.23046875 0.265625 0.01015625 0.02890625
2 0.2421875 0.259375 0.00859375 0.02109375
2 0.33125 0.3 0.0125 0.05546875
2 0.32890625 0.25625 0.009375 0.02890625
2 0.35078125 0.23828125 0.01171875 0.04921875
2 0.36953125 0.2578125 0.01484375 0.06640625
2 0.38359375 0.22890625 0.0125 0.05
2 0.3953125 0.18828125 0.00859375 0.059375
2 0.4109375 0.20703125 0.0125 0.065625
2 0.41953125 0.18828125 0.01015625 0.05703125
2 0.425 0.16328125 0.01640625 0.0578125
2 0.3546875 0.10546875 0.00859375 0.03125
2 0.3265625 0.23984375 0.01015625 0.04609375
2 0.3390625 0.15390625 0.01015625 0.0203125
1 0.21484375 0.5453125 0.09296875 0.1875
0 0.37578125 0.03828125 0.1171875 0.07578125
0 0.25546875 0.1921875 0.1609375 0.25703125