0 0.47109375 0.68046875 0.18359375 0.11015625
2 0.7875 0.2171875 0.01171875 0.03359375
2 0.9015625 0.41015625 0.0125 0.0375
2 0.84140625 0.51875 0.0109375 0.03359375
2 0.9859375 0.38125 0.00546875 0.03203125
2 0.73828125 0.54453125 0.00625 0.0328125
2 0.71171875 0.5234375 0.00859375 0.03828125
2 0.6328125 0.57890625 0.0109375 0.0359375
2 0.55546875 0.56171875 0.00859375 0.03828125
2 0.54140625 0.40625 0.009375 0.03203125
2 0.46953125 0.33515625 0.00625 0.03359375
2 0.46015625 0.3546875 0.00859375 0.0421875
2 0.25 0.42421875 0.00625 0.0328125
2 0.20234375 0.29765625 0.00859375 0.02578125
2 0.19609375 0.3046875 0.00546875 0.03203125
2 0.33203125 0.5578125 0.0109375 0.04296875
2 0.14453125 0.4078125 0.01015625 0.0359375
2 0.05703125 0.26953125 0.01015625 0.03359375
2 0.08046875 0.3 0.0078125 0.028125
2 0.0828125 0.29921875 0.0078125 0.0265625
2 0.05078125 0.44140625 0.01015625 0.0328125
2 0.03671875 0.20859375 0.00546875 0.0296875
2 0.059375 0.21484375 0.00546875 0.0234375
2 0.05390625 0.21640625 0.00703125 0.01953125
2 0.00390625 0.5296875 0.00546875 0.04609375
2 0.13125 0.64609375 0.00625 0.0328125
2 0.1796875 0.67421875 0.00546875 0.0453125
2 0.1984375 0.596875 0.0046875 0.0328125
2 0.21796875 0.66875 0.00703125 0.046875
2 0.240625 0.5984375 0.015625 0.0421875
2 0.2609375 0.60625 0.00859375 0.04453125
2 0.2453125 0.65625 0.0078125 0.03671875
2 0.27109375 0.65625 0.00390625 0.0421875
2 0.4765625 0.55078125 0.01015625 0.03359375
2 0.44609375 0.57421875 0.01015625 0.03515625
2 0.4484375 0.61015625 0.009375 0.0328125
2 0.38125 0.61015625 0.00625 0.03125
2 0.34765625 0.634375 0.0078125 0.0421875
2 0.35390625 0.62421875 0.0078125 0.0359375
2 0.32578125 0.6453125 0.01171875 0.0375
2 0.33984375 0.6171875 0.0078125 0.04296875
2 0.34296875 0.60390625 0.00703125 0.0359375
2 0.334375 0.603125 0.0078125 0.04375
2 0.3171875 0.621875 0.00703125 0.03671875
2 0.303125 0.625 0.0078125 0.0390625