0 0.27265625 0.725 0.1515625 0.20078125
0 0.59453125 0.525 0.096875 0.115625
1 0.3953125 0.61171875 0.08359375 0.1078125
1 0.48671875 0.584375 0.075 0.0921875
2 0.0484375 0.603125 0.01171875 0.05
2 0.20625 0.51640625 0.009375 0.03984375
2 0.2703125 0.61015625 0.0109375 0.0421875
2 0.28125 0.62734375 0.0109375 0.04453125
2 0.28515625 0.603125 0.01015625 0.0390625
2 0.290625 0.534375 0.00703125 0.034375
2 0.2859375 0.53828125 0.009375 0.03984375
2 0.41328125 0.54140625 0.00859375 0.03828125
2 0.41015625 0.4984375 0.00859375 0.0375
2 0.371875 0.5375 0.0109375 0.0359375
2 0.3671875 0.56484375 0.0078125 0.03125
2 0.35546875 0.59453125 0.00859375 0.0484375
2 0.44375 0.490625 0.009375 0.03515625
2 0.45625 0.48515625 0.00859375 0.0390625
2 0.47734375 0.5109375 0.00703125 0.03203125
2 0.3265625 0.4703125 0.0046875 0.02890625
2 0.46484375 0.3734375 0.00625 0.03203125
2 0.490625 0.35546875 0.00546875 0.025
2 0.47890625 0.35078125 0.00546875 0.02421875
2 0.44375 0.42109375 0.009375 0.0296875
2 0.48359375 0.415625 0.00625 0.0296875
2 0.42578125 0.321875 0.0078125 0.021875
2 0.42890625 0.3703125 0.00546875 0.03046875
2 0.43359375 0.371875 0.0078125 0.0328125
2 0.5640625 0.4859375 0.009375 0.03671875
2 0.5875 0.46328125 0.00859375 0.02734375
2 0.5578125 0.4296875 0.00625 0.02890625
2 0.5609375 0.45390625 0.00859375 0.03046875
2 0.5125 0.4984375 0.00625 0.02890625
2 0.52265625 0.49140625 0.0046875 0.0359375
2 0.53359375 0.4828125 0.00703125 0.03515625
2 0.54375 0.47890625 0.00625 0.03125
2 0.54765625 0.4890625 0.00625 0.03515625
2 0.60390625 0.31875 0.00703125 0.02734375
2 0.60703125 0.26640625 0.00625 0.021875
2 0.58203125 0.24296875 0.00703125 0.0234375
2 0.55546875 0.24140625 0.00625 0.021875
2 0.659375 0.246875 0.00546875 0.0203125
2 0.64140625 0.21875 0.00546875 0.01953125
2 0.603125 0.2046875 0.00625 0.0203125
2 0.609375 0.21171875 0.0046875 0.01484375
2 0.5515625 0.184375 0.0046875 0.01875
2 0.53984375 0.234375 0.00546875 0.01953125
2 0.39453125 0.1671875 0.0046875 0.01875
2 0.45546875 0.190625 0.00625 0.021875
2 0.490625 0.21015625 0.0046875 0.02265625
2 0.48203125 0.196875 0.00546875 0.0203125
2 0.51796875 0.22578125 0.00703125 0.0203125
2 0.5109375 0.2203125 0.0046875 0.0203125
2 0.49921875 0.215625 0.00625 0.01875