0 0.6234375 0.03125 0.09921875 0.06171875
0 0.51953125 0.8671875 0.18515625 0.265625
1 0.275 0.39765625 0.078125 0.19609375
1 0.76328125 0.51171875 0.11640625 0.20234375
2 0.99296875 0.9453125 0.0140625 0.06953125
2 0.98984375 0.71484375 0.01484375 0.06171875
2 0.97109375 0.7015625 0.0140625 0.05390625
2 0.3875 0.96484375 0.01875 0.0703125
2 0.309375 0.7125 0.0140625 0.07265625
2 0.03046875 0.3796875 0.0140625 0.06171875
2 0.91484375 0.08359375 0.0125 0.04296875
2 0.8 0.14453125 0.0109375 0.04453125
2 0.9734375 0.12578125 0.00234375 0.04140625
2 0.91796875 0.2640625 0.01484375 0.05546875
2 0.984375 0.10390625 0.0140625 0.04375
2 0.78359375 0.31171875 0.015625 0.05234375
2 0.853125 0.35234375 0.01328125 0.05
2 0.8296875 0.503125 0.01484375 0.05703125
2 0.5890625 0.11796875 0.00859375 0.0484375
2 0.23671875 0.546875 0.015625 0.06796875
2 0.1859375 0.44140625 0.0125 0.06171875
2 0.190625 0.56640625 0.0171875 0.075
2 0.12890625 0.56015625 0.0140625 0.071875
2 0.1328125 0.5828125 0.021875 0.06796875
2 0.7296875 0.3234375 0.0109375 0.046875
2 0.72734375 0.22890625 0.009375 0.01875
2 0.72265625 0.31171875 0.009375 0.03828125
2 0.6703125 0.30234375 0.009375 0.05625
2 0.5765625 0.1625 0.01015625 0.053125
2 0.571875 0.1734375 0.00859375 0.05546875
2 0.5921875 0.19453125 0.01015625 0.0546875
2 0.64375 0.18046875 0.00859375 0.04609375
2 0.67734375 0.26640625 0.01328125 0.05546875
2 0.62734375 0.24765625 0.009375 0.0546875
2 0.646875 0.24296875 0.0078125 0.05546875
2 0.6625 0.27421875 0.01171875 0.05625