2 0.90234375 0.08046875 0.01015625 0.0421875
2 0.74140625 0.0234375 0.0125 0.0453125
2 0.684375 0.03515625 0.00859375 0.04921875
2 0.66171875 0.01953125 0.0109375 0.0390625
2 0.56796875 0.1671875 0.01171875 0.05234375
2 0.596875 0.20390625 0.015625 0.05078125
2 0.6125 0.203125 0.01015625 0.05625
2 0.63125 0.21875 0.01015625 0.05234375
2 0.82421875 0.50859375 0.0125 0.05859375
2 0.65 0.24296875 0.0109375 0.04609375
2 0.66015625 0.2546875 0.00625 0.028125
2 0.678125 0.25546875 0.0109375 0.04921875
2 0.74453125 0.38515625 0.0171875 0.0625
2 0.76953125 0.37734375 0.0125 0.0484375
2 0.7265625 0.31796875 0.01015625 0.0515625
2 0.7296875 0.22578125 0.01328125 0.0234375
1 0.66875 0.3546875 0.10546875 0.17578125
2 0.634375 0.18125 0.01796875 0.04609375
1 0.28203125 0.13046875 0.053125 0.13203125
1 0.27734375 0.40078125 0.0765625 0.196875
1 0.36640625 0.67265625 0.10625 0.24921875
0 0.51875 0.85078125 0.196875 0.2984375
0 0.41796875 0.55 0.17109375 0.3078125
2 0.12578125 0.5625 0.0171875 0.065625
2 0.13359375 0.39375 0.0125 0.0296875
2 0.14921875 0.5703125 0.015625 0.06875
2 0.190625 0.5265625 0.0125 0.05546875
2 0.20703125 0.478125 0.01484375 0.05859375
2 0.290625 0.64375 0.01328125 0.0671875
2 0.2984375 0.571875 0.01328125 0.065625
2 0.31015625 0.5546875 0.01015625 0.08359375
2 0.7359375 0.9640625 0.01875 0.071875
2 0.74765625 0.97734375 0.0203125 0.0453125
2 0.7875 0.9578125 0.01875 0.07421875
2 0.78671875 0.92109375 0.021875 0.07734375
2 0.78046875 0.90703125 0.01875 0.090625
2 0.87578125 0.975 0.0140625 0.04921875
2 0.90703125 0.9734375 0.0171875 0.04921875
2 0.9140625 0.9453125 0.0140625 0.078125
2 0.92890625 0.98046875 0.0125 0.03515625
2 0.965625 0.96796875 0.01640625 0.0640625
2 0.96953125 0.92734375 0.01640625 0.071875
2 0.7625 0.41796875 0.01171875 0.07734375
2 0.05234375 0.58671875 0.01484375 0.053125