1 0.29765625 0.4265625 0.10390625 0.19609375
1 0.59375 0.26953125 0.090625 0.146875
0 0.909375 0.3390625 0.18046875 0.134375
0 0.54765625 0.865625 0.23515625 0.26875
0 0.42734375 0.56171875 0.16875 0.33046875
2 0.209375 0.346875 0.0078125 0.06484375
2 0.1828125 0.4109375 0.0078125 0.0625
2 0.21875 0.6453125 0.0109375 0.08671875
2 0.05703125 0.86953125 0.021875 0.0578125
2 0.39453125 0.7203125 0.01640625 0.06796875
2 0.3453125 0.6125 0.0125 0.071875
2 0.4328125 0.6890625 0.01328125 0.06875
2 0.2640625 0.615625 0.01171875 0.06875
2 0.26484375 0.6421875 0.01484375 0.05859375
2 0.41875 0.671875 0.01484375 0.0703125
2 0.53984375 0.1015625 0.01640625 0.053125
2 0.86796875 0.0703125 0.01484375 0.0453125
2 0.6953125 0.07734375 0.01171875 0.0453125
2 0.91640625 0.57265625 0.01015625 0.08046875
2 0.86640625 0.571875 0.01875 0.0640625
2 0.8890625 0.2328125 0.01640625 0.0453125
2 0.5765625 0.103125 0.01328125 0.0515625
2 0.2078125 0.51171875 0.0125 0.0828125
2 0.24140625 0.43828125 0.01171875 0.0515625
2 0.2578125 0.48671875 0.0109375 0.0640625
2 0.19453125 0.496875 0.00546875 0.07109375
2 0.2015625 0.496875 0.00859375 0.06015625
2 0.20859375 0.815625 0.01484375 0.07421875
2 0.2390625 0.49609375 0.009375 0.06171875
2 0.25078125 0.4375 0.01015625 0.06328125
2 0.83828125 0.54296875 0.01484375 0.06640625
2 0.81171875 0.50234375 0.0140625 0.0578125
2 0.8109375 0.4125 0.0140625 0.0671875
2 0.80390625 0.38359375 0.009375 0.05703125
2 0.753125 0.38984375 0.01015625 0.0578125
2 0.70859375 0.36171875 0.01015625 0.05703125
2 0.7953125 0.328125 0.01171875 0.0609375
2 0.67578125 0.32265625 0.0140625 0.05859375
2 0.5984375 0.1703125 0.01015625 0.0453125
2 0.58515625 0.159375 0.0125 0.05078125
2 0.65546875 0.28671875 0.01328125 0.05234375
2 0.6765625 0.27265625 0.01328125 0.04765625
2 0.69921875 0.31015625 0.0109375 0.05546875
2 0.7078125 0.30859375 0.00703125 0.03984375
2 0.78203125 0.33046875 0.0078125 0.053125
2 0.64140625 0.24140625 0.009375 0.05625
2 0.6484375 0.26640625 0.01015625 0.0515625
2 0.72109375 0.04609375 0.01328125 0.0390625
2 0.6765625 0.028125 0.01015625 0.046875
2 0.68125 0.109375 0.01171875 0.04609375
2 0.8171875 0.03046875 0.01328125 0.04453125
2 0.6578125 0.14375 0.00859375 0.0453125
2 0.71328125 0.21875 0.00859375 0.04921875
2 0.90546875 0.059375 0.01171875 0.04453125
2 0.98125 0.290625 0.01875 0.05546875
2 0.96484375 0.2421875 0.0171875 0.0453125