1 0.26953125 0.40078125 0.0859375 0.20546875
1 0.34140625 0.55078125 0.059375 0.221875
0 0.4859375 0.8171875 0.184375 0.359375
2 0.40703125 0.90625 0.0109375 0.06328125
2 0.23046875 0.76640625 0.01796875 0.05390625
2 0.24921875 0.71875 0.0140625 0.06875
2 0.2953125 0.73203125 0.01875 0.046875
2 0.221875 0.5671875 0.0140625 0.0671875
2 0.21015625 0.6640625 0.01640625 0.075
2 0.1453125 0.3859375 0.0078125 0.034375
2 0.18203125 0.4296875 0.0125 0.053125
2 0.01171875 0.24296875 0.01328125 0.0515625
2 0.9125 0.51328125 0.01171875 0.059375
2 0.89296875 0.52109375 0.01171875 0.06484375
2 0.94296875 0.2078125 0.01328125 0.05859375
2 0.9015625 0.11875 0.00859375 0.046875
2 0.88203125 0.3609375 0.01328125 0.0546875
2 0.8921875 0.3609375 0.01484375 0.04296875
2 0.82734375 0.50546875 0.01953125 0.0640625
2 0.80703125 0.4328125 0.01171875 0.0640625
2 0.79375 0.39140625 0.01328125 0.05546875
2 0.8046875 0.36796875 0.0125 0.06796875
2 0.75625 0.35546875 0.0109375 0.0609375
2 0.859375 0.05546875 0.01171875 0.0390625
2 0.80546875 0.0609375 0.0125 0.0484375
2 0.81640625 0.071875 0.01015625 0.04375
2 0.7671875 0.0578125 0.00859375 0.04921875
2 0.7734375 0.04609375 0.00859375 0.04453125
2 0.721875 0.04921875 0.01171875 0.04375
2 0.7234375 0.025 0.00546875 0.04453125
2 0.709375 0.05625 0.01015625 0.0390625
2 0.67265625 0.03203125 0.01015625 0.040625
2 0.68046875 0.0265625 0.00859375 0.0453125
2 0.734375 0.365625 0.01484375 0.0640625
2 0.5125 0.07421875 0.01015625 0.0453125
2 0.56171875 0.08046875 0.009375 0.05390625
2 0.58046875 0.09609375 0.01171875 0.059375
2 0.58515625 0.06640625 0.00703125 0.04609375
2 0.61015625 0.19921875 0.00859375 0.05703125
2 0.60703125 0.18359375 0.009375 0.053125
2 0.6375 0.1921875 0.00703125 0.053125
2 0.6546875 0.2484375 0.01171875 0.0453125
2 0.6671875 0.234375 0.00859375 0.046875
2 0.67109375 0.26875 0.0078125 0.04453125
2 0.6953125 0.2640625 0.01171875 0.0515625
2 0.68359375 0.290625 0.00703125 0.03984375
2 0.69375 0.29921875 0.00859375 0.046875
1 0.665625 0.3515625 0.08671875 0.16015625
0 0.6234375 0.03046875 0.0859375 0.06015625
0 0.734375 0.18359375 0.15546875 0.24140625
2 0.9734375 0.7046875 0.01640625 0.06484375