1 0.29765625 0.37265625 0.09140625 0.196875
1 0.5203125 0.15703125 0.084375 0.128125
1 0.65 0.3671875 0.0875 0.16640625
0 0.4234375 0.56015625 0.159375 0.3171875
0 0.50625 0.846875 0.1421875 0.24296875
0 0.7375 0.190625 0.15546875 0.24453125
2 0.98984375 0.7484375 0.0203125 0.071875
2 0.90390625 0.59609375 0.0171875 0.06484375
2 0.93828125 0.34296875 0.0171875 0.06484375
2 0.88984375 0.3625 0.01484375 0.0578125
2 0.7828125 0.3796875 0.01484375 0.0765625
2 0.740625 0.38046875 0.01015625 0.0625
2 0.9671875 0.16875 0.0109375 0.04296875
2 0.93046875 0.215625 0.01953125 0.05
2 0.89140625 0.2671875 0.01171875 0.05078125
2 0.7890625 0.05703125 0.015625 0.04609375
2 0.7375 0.09453125 0.0109375 0.0484375
2 0.92265625 0.15546875 0.01171875 0.0453125
2 0.8859375 0.1609375 0.0171875 0.05546875
2 0.90234375 0.184375 0.0171875 0.05546875
2 0.81015625 0.3046875 0.0140625 0.059375
2 0.7625 0.33515625 0.01171875 0.0515625
2 0.6625 0.228125 0.00859375 0.05625
2 0.64296875 0.23046875 0.0125 0.06015625
2 0.675 0.303125 0.00703125 0.04375
2 0.70390625 0.3296875 0.01484375 0.05703125
2 0.5859375 0.15859375 0.01015625 0.053125
2 0.5921875 0.08515625 0.0078125 0.03515625
2 0.58046875 0.096875 0.00703125 0.0453125
2 0.5984375 0.17421875 0.01328125 0.053125
2 0.621875 0.23671875 0.01171875 0.0453125
2 0.5859375 0.13984375 0.00625 0.0484375
2 0.578125 0.14375 0.00390625 0.05078125
2 0.8703125 0.08671875 0.01484375 0.05546875
2 0.40625 0.67421875 0.01796875 0.07578125
2 0.078125 0.38125 0.01015625 0.04609375
2 0.05 0.42421875 0.0078125 0.0546875
2 0.05546875 0.56171875 0.0109375 0.06875
2 0.05078125 0.65625 0.01328125 0.06171875
2 0.090625 0.79375 0.02109375 0.065625
2 0.0578125 0.7734375 0.01171875 0.05625
2 0.03828125 0.765625 0.015625 0.07890625
2 0.23203125 0.60859375 0.0109375 0.08671875
2 0.17421875 0.38203125 0.009375 0.0609375
2 0.26328125 0.61484375 0.01328125 0.06875
2 0.18984375 0.40390625 0.0078125 0.06171875
2 0.1984375 0.425 0.01015625 0.06796875
2 0.3015625 0.721875 0.0125 0.059375
2 0.3296875 0.70859375 0.015625 0.05625
2 0.31796875 0.73046875 0.01640625 0.03828125
2 0.14453125 0.38671875 0.01484375 0.03125
2 0.26796875 0.65234375 0.01015625 0.08828125
2 0.3671875 0.82109375 0.0125 0.0671875
0 0.803125 0.571875 0.20859375 0.3515625