1 0.70234375 0.52421875 0.1046875 0.21484375
0 0.45625 0.88828125 0.17734375 0.2234375
2 0.66484375 0.7609375 0.00859375 0.05078125
2 0.7578125 0.640625 0.01328125 0.0625
2 0.796875 0.41015625 0.015625 0.065625
2 0.7640625 0.5828125 0.01328125 0.0546875
2 0.775 0.52265625 0.0140625 0.0640625
2 0.7921875 0.43515625 0.00859375 0.0515625
2 0.77109375 0.48671875 0.00546875 0.03671875
2 0.7796875 0.4828125 0.0078125 0.0515625
2 0.103125 0.53203125 0.00859375 0.06796875
2 0.09375 0.50078125 0.00859375 0.0640625
2 0.19296875 0.353125 0.01484375 0.05234375
2 0.18828125 0.2953125 0.009375 0.0453125
2 0.00625 0.1484375 0.00859375 0.04765625
2 0.003125 0.31171875 0.00546875 0.05546875
2 0.01015625 0.328125 0.0109375 0.05390625
2 0.05 0.14453125 0.0125 0.0453125
2 0.0359375 0.1125 0.01015625 0.04609375
2 0.05703125 0.10703125 0.00859375 0.046875
2 0.153125 0.18515625 0.01015625 0.0546875
2 0.12734375 0.11875 0.01015625 0.04453125
2 0.0953125 0.0828125 0.009375 0.03984375
2 0.1453125 0.06953125 0.009375 0.04140625
2 0.2640625 0.03515625 0.01015625 0.04765625
2 0.3140625 0.02578125 0.01171875 0.0453125
2 0.33125 0.09375 0.00546875 0.04453125
2 0.3375 0.10703125 0.00859375 0.040625
2 0.28125 0.2203125 0.01015625 0.040625
2 0.45625 0.04296875 0.0109375 0.05
2 0.48125 0.07578125 0.00859375 0.05234375
2 0.45234375 0.13125 0.00859375 0.0484375
2 0.43828125 0.16640625 0.0109375 0.05390625
2 0.43046875 0.159375 0.00625 0.05078125
2 0.41953125 0.134375 0.01015625 0.05
2 0.40703125 0.1640625 0.01171875 0.046875
2 0.3859375 0.24296875 0.00859375 0.04921875
2 0.27109375 0.22421875 0.00703125 0.025
2 0.36875 0.21640625 0.0125 0.0546875
2 0.3421875 0.2984375 0.01171875 0.0578125
2 0.32890625 0.26953125 0.009375 0.07109375
2 0.2828125 0.3421875 0.009375 0.05390625
2 0.2421875 0.3515625 0.0125 0.05078125
2 0.2703125 0.39140625 0.009375 0.06484375
2 0.2609375 0.38203125 0.009375 0.05703125
2 0.240625 0.40546875 0.009375 0.059375
2 0.2484375 0.4125 0.01015625 0.06015625
2 0.2984375 0.3203125 0.0140625 0.06015625
2 0.35859375 0.24140625 0.0109375 0.0625
2 0.271875 0.31953125 0.00703125 0.04765625
2 0.33515625 0.2359375 0.00859375 0.0484375