0 0.65078125 0.3609375 0.10859375 0.08671875
2 0.20078125 0.6453125 0.0125 0.0515625
2 0.24296875 0.64921875 0.0171875 0.04921875
2 0.26640625 0.653125 0.0140625 0.04609375
2 0.275 0.6234375 0.0109375 0.0453125
2 0.2734375 0.56484375 0.009375 0.05078125
2 0.325 0.60546875 0.01328125 0.04609375
2 0.303125 0.60703125 0.0125 0.04375
2 0.30390625 0.57578125 0.009375 0.0375
2 0.22734375 0.4796875 0.009375 0.025
2 0.2109375 0.47734375 0.0078125 0.028125
2 0.52109375 0.453125 0.0078125 0.03515625
2 0.52421875 0.48671875 0.0109375 0.0375
2 0.5484375 0.49375 0.009375 0.0359375
2 0.40546875 0.16875 0.0078125 0.02578125
2 0.478125 0.2 0.00625 0.01796875
2 0.490625 0.20234375 0.00546875 0.0203125
2 0.5609375 0.22265625 0.00546875 0.03046875
2 0.628125 0.2421875 0.00703125 0.03203125
2 0.6625 0.28359375 0.00546875 0.0234375
2 0.63125 0.2953125 0.00390625 0.0234375
2 0.62109375 0.27109375 0.00390625 0.02421875
2 0.61015625 0.26796875 0.0078125 0.015625
2 0.60234375 0.28515625 0.00546875 0.025
2 0.60703125 0.29375 0.00703125 0.028125
2 0.615625 0.29296875 0.00703125 0.03203125
2 0.39375 0.16796875 0.00546875 0.02421875
2 0.6 0.3046875 0.00703125 0.025