1 0.64375 0.653125 0.12109375 0.23671875
1 0.2515625 0.4828125 0.12578125 0.20078125
0 0.4796875 0.8609375 0.178125 0.278125
0 0.27421875 0.18125 0.1546875 0.2296875
2 0.10390625 0.034375 0.01328125 0.04296875
2 0.11328125 0.03359375 0.009375 0.053125
2 0.08359375 0.234375 0.0140625 0.05234375
2 0.071875 0.25 0.015625 0.06015625
2 0.096875 0.07109375 0.009375 0.04765625
2 0.15625 0.11171875 0.01328125 0.0546875
2 0.13125 0.09765625 0.0140625 0.0546875
2 0.0921875 0.54765625 0.01328125 0.06953125
2 0.20234375 0.45859375 0.01171875 0.03671875
2 0.21171875 0.41015625 0.01328125 0.059375
2 0.20390625 0.3265625 0.0125 0.05078125
2 0.19921875 0.3796875 0.009375 0.0484375
2 0.24609375 0.35625 0.003125 0.05546875
2 0.30234375 0.309375 0.01015625 0.0578125
2 0.3328125 0.3 0.01171875 0.053125
2 0.3140625 0.33125 0.0140625 0.0578125
2 0.28359375 0.34296875 0.00859375 0.06328125
2 0.3421875 0.2296875 0.01015625 0.059375
2 0.3796875 0.23125 0.01484375 0.05078125
2 0.3625 0.23671875 0.01328125 0.065625
2 0.40234375 0.1734375 0.0140625 0.0484375
2 0.459375 0.0453125 0.0078125 0.0484375
2 0.4359375 0.090625 0.0078125 0.06015625
2 0.4234375 0.1421875 0.009375 0.06015625
2 0.4453125 0.1140625 0.00703125 0.0359375
2 0.44765625 0.13359375 0.01328125 0.05234375
2 0.44296875 0.1375 0.0078125 0.03203125
2 0.41328125 0.159375 0.00703125 0.053125
2 0.7578125 0.70078125 0.0171875 0.07734375
2 0.73125 0.68828125 0.01328125 0.065625
2 0.8015625 0.484375 0.0171875 0.06796875
2 0.78984375 0.475 0.009375 0.075
2 0.79375 0.42109375 0.01171875 0.07265625
2 0.8015625 0.3953125 0.01015625 0.07265625
2 0.6 0.81171875 0.0171875 0.05
2 0.95703125 0.390625 0.009375 0.04765625
2 0.853125 0.3859375 0.0140625 0.03125
2 0.625 0.90078125 0.01171875 0.05859375
2 0.61796875 0.965625 0.01171875 0.06875
2 0.625 0.93515625 0.00078125 0.00078125
2 0.86875 0.85234375 0.0109375 0.06484375
2 0.88984375 0.85390625 0.015625 0.06640625
2 0.93125 0.8671875 0.015625 0.053125
2 0.99296875 0.8796875 0.0140625 0.065625
2 0.60078125 0.84609375 0.015625 0.0703125