1 0.7515625 0.484375 0.125 0.21640625
1 0.34921875 0.66484375 0.1234375 0.240625
0 0.525 0.82734375 0.196875 0.32421875
0 0.72109375 0.18125 0.16640625 0.2421875
2 0.03828125 0.52734375 0.015625 0.0703125
2 0.3953125 0.8484375 0.01953125 0.08046875
2 0.0234375 0.4328125 0.01796875 0.07109375
2 0.01171875 0.43359375 0.01328125 0.053125
2 0.1484375 0.38046875 0.0109375 0.0328125
2 0.2484375 0.66328125 0.015625 0.07578125
2 0.21015625 0.5125 0.0140625 0.06484375
2 0.20625 0.46015625 0.01015625 0.03671875
2 0.215625 0.4140625 0.0125 0.06640625
2 0.19921875 0.4 0.015625 0.0671875
2 0.953125 0.59609375 0.02421875 0.06484375
2 0.7984375 0.459375 0.01484375 0.04765625
2 0.94453125 0.13984375 0.01171875 0.05546875
2 0.896875 0.1859375 0.0109375 0.05625
2 0.89140625 0.02578125 0.0078125 0.04765625
2 0.84296875 0.06875 0.0140625 0.04765625
2 0.75390625 0.03828125 0.01640625 0.0421875
2 0.76171875 0.0890625 0.009375 0.05078125
2 0.8 0.08203125 0.009375 0.0546875
2 0.71171875 0.0171875 0.01328125 0.03359375
2 0.70078125 0.01875 0.00546875 0.03515625
2 0.55 0.046875 0.01171875 0.0484375
2 0.79453125 0.32890625 0.01328125 0.0546875
2 0.765625 0.346875 0.01328125 0.05859375
2 0.7515625 0.3875 0.0140625 0.0390625
2 0.796875 0.37421875 0.01328125 0.05546875
2 0.66640625 0.296875 0.0140625 0.05859375
2 0.684375 0.32890625 0.0125 0.05546875
2 0.69921875 0.3140625 0.0125 0.06484375
2 0.71796875 0.33984375 0.0125 0.065625
2 0.628125 0.2234375 0.00859375 0.0640625
2 0.61796875 0.2359375 0.01171875 0.0546875
2 0.65703125 0.25078125 0.01015625 0.06796875
2 0.5640625 0.08984375 0.0140625 0.0515625
2 0.60234375 0.196875 0.009375 0.06484375
2 0.56875 0.17578125 0.01328125 0.053125
2 0.5859375 0.16015625 0.01171875 0.06171875
2 0.55078125 0.1328125 0.01484375 0.05703125
2 0.55546875 0.1203125 0.01015625 0.06015625
2 0.6046875 0.084375 0.0109375 0.02265625
2 0.57578125 0.1453125 0.01171875 0.0625