2 0.18359375 0.434375 0.0140625 0.05234375
2 0.140625 0.38359375 0.0140625 0.0359375
2 0.090625 0.76015625 0.02109375 0.08125
2 0.103125 0.75234375 0.021875 0.07421875
2 0.05390625 0.7578125 0.01328125 0.05703125
2 0.03515625 0.51484375 0.01171875 0.06328125
2 0.10859375 0.31640625 0.01171875 0.05703125
2 0.228125 0.58203125 0.0140625 0.06953125
2 0.2234375 0.76640625 0.01640625 0.0390625
2 0.26875 0.73515625 0.015625 0.06953125
2 0.2875 0.7265625 0.01015625 0.05078125
2 0.265625 0.66640625 0.0140625 0.06796875
2 0.90546875 0.52578125 0.0140625 0.06953125
2 0.96015625 0.065625 0.01015625 0.040625
2 0.92109375 0.22890625 0.0140625 0.0546875
2 0.86171875 0.221875 0.0171875 0.04609375
2 0.86484375 0.15078125 0.009375 0.0359375
2 0.90625 0.05 0.01484375 0.04375
2 0.89453125 0.11171875 0.009375 0.0546875
2 0.87734375 0.0734375 0.01171875 0.04765625
2 0.80078125 0.09296875 0.01171875 0.04609375
2 0.81640625 0.04296875 0.0140625 0.0484375
2 0.74921875 0.03984375 0.009375 0.04296875
2 0.709375 0.02890625 0.0078125 0.03203125
2 0.40078125 0.96875 0.01328125 0.0625
2 0.765625 0.06796875 0.00703125 0.02890625
2 0.584375 0.0671875 0.009375 0.04609375
2 0.565625 0.09921875 0.00859375 0.05078125
2 0.56015625 0.05078125 0.00859375 0.04140625
2 0.540625 0.03046875 0.009375 0.04375
2 0.571875 0.146875 0.01015625 0.04375
2 0.590625 0.1515625 0.00703125 0.0484375
2 0.5765625 0.17421875 0.01171875 0.040625
2 0.5859375 0.18828125 0.00703125 0.04296875
2 0.6015625 0.175 0.00859375 0.05234375
2 0.61328125 0.1890625 0.00703125 0.04765625
2 0.61953125 0.19375 0.0140625 0.040625
2 0.61484375 0.2296875 0.0109375 0.05234375
2 0.75 0.44765625 0.009375 0.05234375
2 0.77265625 0.453125 0.0125 0.06171875
2 0.7953125 0.44453125 0.01171875 0.0671875
2 0.803125 0.3609375 0.0109375 0.06484375
2 0.7859375 0.37578125 0.0140625 0.05703125
2 0.73671875 0.3625 0.0125 0.06328125
2 0.759375 0.38984375 0.01015625 0.06328125
2 0.77578125 0.41875 0.0140625 0.06171875
2 0.63046875 0.265625 0.0078125 0.05078125
2 0.6421875 0.2796875 0.00625 0.0515625
2 0.64921875 0.29609375 0.0125 0.04609375
2 0.6859375 0.33515625 0.01015625 0.05859375
2 0.69765625 0.36796875 0.01171875 0.05859375
2 0.7140625 0.3421875 0.009375 0.05234375
2 0.696875 0.29921875 0.009375 0.04765625
2 0.6640625 0.29140625 0.01015625 0.05078125
2 0.67421875 0.26875 0.01171875 0.0359375
2 0.690625 0.25390625 0.00703125 0.04140625
2 0.65859375 0.27734375 0.01171875 0.05234375
2 0.70546875 0.3046875 0.00703125 0.03359375
2 0.675 0.24609375 0.0109375 0.04140625
2 0.66171875 0.23984375 0.00546875 0.0390625
2 0.64921875 0.234375 0.0078125 0.03203125
2 0.78359375 0.32890625 0.01640625 0.0515625
2 0.75703125 0.353125 0.01015625 0.05078125
2 0.79453125 0.32421875 0.0109375 0.059375
2 0.6296875 0.22265625 0.0078125 0.04453125
2 0.63984375 0.196875 0.00625 0.05078125
1 0.64609375 0.6 0.1109375 0.1953125
1 0.50390625 0.12890625 0.07578125 0.13515625
1 0.54296875 0.2296875 0.109375 0.178125
0 0.7765625 0.140625 0.1546875 0.1953125
0 0.79140625 0.2390625 0.165625 0.25
2 0.34375 0.04140625 0.0125 0.053125
2 0.66171875 0.14140625 0.00703125 0.028125
2 0.2328125 0.46640625 0.0140625 0.0609375
2 0.23828125 0.4515625 0.009375 0.05859375
2 0.22890625 0.4296875 0.01015625 0.03984375
2 0.22109375 0.4234375 0.0140625 0.0640625
2 0.23359375 0.40234375 0.01171875 0.040625
2 0.2125 0.4109375 0.0109375 0.0578125
2 0.4109375 0.87265625 0.0140625 0.07734375
2 0.4234375 0.88359375 0.0078125 0.06015625
1 0.27109375 0.39375 0.0890625 0.18828125
1 0.390625 0.70078125 0.11328125 0.2609375
0 0.525 0.878125 0.15703125 0.2359375