0 0.66328125 0.29296875 0.0859375 0.0671875
0 0.91015625 0.3125 0.04453125 0.0625
2 0.07578125 0.7296875 0.01484375 0.05703125
2 0.228125 0.6796875 0.01015625 0.04453125
2 0.26484375 0.640625 0.009375 0.0453125
2 0.2421875 0.5109375 0.009375 0.03125
2 0.284375 0.6421875 0.01015625 0.040625
2 0.27578125 0.6265625 0.01171875 0.0421875
2 0.2875 0.603125 0.0109375 0.034375
2 0.30234375 0.6265625 0.01015625 0.0421875
2 0.31953125 0.6109375 0.0109375 0.053125
2 0.3359375 0.59921875 0.009375 0.04609375
2 0.37421875 0.53125 0.0109375 0.04375
2 0.2625 0.4484375 0.00859375 0.03671875
2 0.26953125 0.44765625 0.00859375 0.03984375
2 0.4203125 0.53828125 0.009375 0.04375
2 0.29296875 0.4359375 0.0078125 0.025
2 0.4140625 0.3796875 0.0109375 0.0359375
2 0.47578125 0.5078125 0.0078125 0.03828125
2 0.48984375 0.51875 0.009375 0.03515625
2 0.54140625 0.51484375 0.00859375 0.025
2 0.51328125 0.47578125 0.00859375 0.034375
2 0.58125 0.503125 0.00859375 0.040625
2 0.5375 0.4703125 0.0109375 0.03828125
2 0.58671875 0.50546875 0.0078125 0.0390625
2 0.5515625 0.4640625 0.009375 0.03359375
2 0.55 0.45546875 0.00703125 0.02890625
2 0.5625 0.453125 0.00703125 0.03828125
2 0.44609375 0.3875 0.00703125 0.03671875
2 0.446875 0.365625 0.00859375 0.0328125
2 0.48515625 0.34609375 0.0078125 0.02734375
2 0.76640625 0.596875 0.01015625 0.03984375
2 0.75390625 0.59375 0.01015625 0.04453125
2 0.74453125 0.60703125 0.00859375 0.0421875
2 0.73984375 0.5984375 0.01015625 0.04609375
2 0.64609375 0.5390625 0.009375 0.03984375
2 0.66640625 0.5515625 0.01015625 0.0390625
2 0.7078125 0.575 0.01171875 0.05078125
2 0.67734375 0.5609375 0.009375 0.03046875
2 0.684375 0.55546875 0.00859375 0.03828125
2 0.61484375 0.27109375 0.00703125 0.02109375
2 0.60859375 0.203125 0.00546875 0.02109375
2 0.56875 0.2484375 0.00546875 0.02578125
2 0.55546875 0.2421875 0.00625 0.02265625
2 0.546875 0.23125 0.00546875 0.01875
2 0.55234375 0.2125 0.0046875 0.01640625
2 0.53984375 0.23359375 0.00703125 0.0234375
2 0.5328125 0.22890625 0.0046875 0.021875
2 0.528125 0.2234375 0.00390625 0.02265625
2 0.4828125 0.2046875 0.00546875 0.021875
2 0.49453125 0.2046875 0.0046875 0.0171875
2 0.4703125 0.20078125 0.00625 0.02265625
2 0.43359375 0.1875 0.00625 0.0234375
2 0.41015625 0.17890625 0.00625 0.01875
2 0.4015625 0.165625 0.0046875 0.01796875
2 0.48203125 0.19453125 0.0046875 0.0203125