0 0.25703125 0.1375 0.06484375 0.18828125
1 0.45703125 0.05625 0.07578125 0.1125
1 0.1671875 0.09296875 0.03984375 0.08671875
0 0.63359375 0.07890625 0.12734375 0.15703125
2 0.95546875 0.20859375 0.0171875 0.05078125
2 0.9703125 0.16171875 0.01015625 0.05546875
2 0.928125 0.13515625 0.015625 0.04296875
2 0.75234375 0.07578125 0.009375 0.04296875
2 0.846875 0.09609375 0.00859375 0.0578125
2 0.8546875 0.17578125 0.01015625 0.04609375
2 0.91640625 0.13984375 0.0109375 0.0453125
2 0.88515625 0.19140625 0.00859375 0.0546875
2 0.8578125 0.35234375 0.0140625 0.04296875
2 0.77421875 0.2625 0.01015625 0.034375
2 0.7953125 0.2734375 0.0109375 0.05703125
2 0.784375 0.31796875 0.01171875 0.05078125
2 0.94453125 0.6265625 0.01796875 0.07265625
2 0.88828125 0.575 0.0171875 0.0671875
2 0.8671875 0.57265625 0.0140625 0.0625
2 0.91953125 0.653125 0.0171875 0.0703125
2 0.8875 0.68046875 0.0140625 0.0765625
2 0.83203125 0.73046875 0.02265625 0.0859375
2 0.95703125 0.8609375 0.01328125 0.071875
2 0.99375 0.871875 0.01171875 0.06953125
2 0.94375 0.9140625 0.0125 0.05078125
2 0.90078125 0.934375 0.0171875 0.06328125
2 0.7546875 0.35078125 0.00546875 0.06015625
2 0.865625 0.9546875 0.021875 0.06484375
2 0.70859375 0.92578125 0.01875 0.0765625
2 0.66953125 0.96328125 0.01875 0.06953125
2 0.6453125 0.96484375 0.01640625 0.0703125
2 0.64296875 0.88515625 0.01328125 0.059375
2 0.62109375 0.91484375 0.01484375 0.06171875
2 0.62109375 0.84453125 0.01875 0.06484375
2 0.59921875 0.9359375 0.01484375 0.07265625
2 0.5765625 0.95625 0.01640625 0.0796875
2 0.59375 0.86015625 0.0171875 0.0671875
2 0.575 0.8125 0.0171875 0.0625
2 0.453125 0.90625 0.0171875 0.071875
2 0.4546875 0.965625 0.015625 0.06796875
2 0.42890625 0.92109375 0.0140625 0.07265625
2 0.3953125 0.76875 0.0171875 0.08203125
2 0.39375 0.86484375 0.01484375 0.075
2 0.40625 0.8859375 0.01484375 0.06328125
2 0.353125 0.82265625 0.0125 0.053125
2 0.36953125 0.84765625 0.01484375 0.06796875
2 0.3578125 0.7390625 0.015625 0.07265625
2 0.7359375 0.3546875 0.01171875 0.05234375
2 0.71484375 0.3390625 0.0140625 0.03671875
2 0.703125 0.3234375 0.01171875 0.059375
2 0.67890625 0.328125 0.01171875 0.06171875
2 0.6921875 0.30234375 0.0140625 0.0578125
2 0.6640625 0.30234375 0.0140625 0.05546875
0 0.76328125 0.51640625 0.17890625 0.30078125
2 0.671875 0.284375 0.0109375 0.0484375
2 0.6734375 0.253125 0.0109375 0.01953125
2 0.6671875 0.24609375 0.0125 0.04140625
2 0.61484375 0.2359375 0.01015625 0.05078125
2 0.6125 0.1953125 0.01171875 0.04453125
2 0.59453125 0.17109375 0.01328125 0.046875
2 0.578125 0.1671875 0.00859375 0.0546875
2 0.58046875 0.18359375 0.01015625 0.046875
2 0.54921875 0.115625 0.0140625 0.05078125
2 0.55703125 0.09375 0.01171875 0.0453125
2 0.52890625 0.078125 0.0109375 0.04296875
2 0.11015625 0.88125 0.0140625 0.06875
2 0.04296875 0.8578125 0.0109375 0.07421875
2 0.071875 0.86484375 0.0171875 0.078125
2 0.0203125 0.41171875 0.0171875 0.0640625
2 0.028125 0.4015625 0.01171875 0.06171875
2 0.1546875 0.57421875 0.01484375 0.059375
2 0.16484375 0.634375 0.0140625 0.0625
2 0.18671875 0.6640625 0.01953125 0.0625
2 0.20703125 0.71796875 0.01484375 0.07421875
2 0.2140625 0.70859375 0.01484375 0.071875
2 0.28359375 0.7375 0.0109375 0.0578125
2 0.2640625 0.73984375 0.0140625 0.06484375
2 0.20546875 0.58203125 0.01484375 0.07578125
2 0.20859375 0.440625 0.0109375 0.05859375
2 0.20859375 0.44921875 0.01015625 0.05234375
2 0.21328125 0.48125 0.0140625 0.06171875
2 0.2265625 0.49609375 0.01640625 0.05078125
2 0.23203125 0.50078125 0.01328125 0.04140625
2 0.22890625 0.54609375 0.01484375 0.0640625
2 0.22578125 0.62734375 0.01015625 0.065625
2 0.2375 0.6015625 0.0078125 0.07265625
2 0.24453125 0.57578125 0.01484375 0.07109375
2 0.2734375 0.5703125 0.01015625 0.06171875
2 0.259375 0.58828125 0.00703125 0.03359375
2 0.2890625 0.6109375 0.01328125 0.0671875
2 0.25859375 0.64375 0.0109375 0.0625
2 0.2625 0.628125 0.0140625 0.0609375
2 0.28984375 0.6984375 0.01640625 0.06796875
2 0.29296875 0.678125 0.0140625 0.065625
2 0.31015625 0.66953125 0.01328125 0.07578125
2 0.315625 0.71015625 0.01484375 0.07109375
2 0.31953125 0.740625 0.01484375 0.03671875
2 0.43828125 0.975 0.01171875 0.03515625
2 0.240625 0.5296875 0.0078125 0.05234375