0 0.40703125 0.66015625 0.14765625 0.3796875
1 0.16875 0.10078125 0.0359375 0.08828125
1 0.23515625 0.27890625 0.0703125 0.14375
2 0.04140625 0.63828125 0.015625 0.06484375
2 0.01171875 0.26875 0.01328125 0.05859375
2 0.0171875 0.24765625 0.01171875 0.0546875
2 0.05078125 0.15859375 0.01015625 0.028125
2 0.12265625 0.73203125 0.01796875 0.06875
2 0.434375 0.975 0.01484375 0.04453125
2 0.40546875 0.89375 0.015625 0.06875
2 0.42421875 0.934375 0.0109375 0.05234375
2 0.42265625 0.9171875 0.009375 0.0484375
2 0.3703125 0.8609375 0.01640625 0.08046875
2 0.3546875 0.8203125 0.01328125 0.05625
2 0.1875 0.30703125 0.009375 0.05859375
2 0.16796875 0.6515625 0.01328125 0.075
2 0.234375 0.74609375 0.0171875 0.075
2 0.2890625 0.7390625 0.0125 0.04609375
2 0.275 0.7328125 0.01015625 0.06484375
2 0.2765625 0.69296875 0.0125 0.04453125
2 0.3046875 0.70546875 0.0140625 0.07109375
2 0.31015625 0.6953125 0.01640625 0.065625
2 0.325 0.684375 0.0125 0.065625
2 0.25078125 0.68515625 0.01640625 0.07578125
2 0.2328125 0.61640625 0.01015625 0.07421875
2 0.2578125 0.61015625 0.01015625 0.06796875
2 0.24765625 0.58671875 0.01328125 0.071875
2 0.2375 0.55625 0.009375 0.0578125
2 0.22890625 0.54453125 0.01015625 0.0703125
2 0.2453125 0.53046875 0.01484375 0.05078125
2 0.22109375 0.4890625 0.0125 0.05546875
2 0.2140625 0.47890625 0.01015625 0.05859375
2 0.20859375 0.44453125 0.01015625 0.04296875
2 0.20546875 0.41953125 0.01484375 0.04296875
2 0.95390625 0.67265625 0.01171875 0.07734375
2 0.99296875 0.759375 0.0140625 0.053125
2 0.95859375 0.6453125 0.01328125 0.0640625
2 0.92421875 0.5859375 0.01015625 0.0625
2 0.834375 0.52890625 0.0171875 0.065625
2 0.83359375 0.50546875 0.01171875 0.0671875
2 0.8171875 0.4875 0.0140625 0.06171875
2 0.80703125 0.47109375 0.0140625 0.065625
2 0.76875 0.47578125 0.01328125 0.05859375
2 0.7484375 0.44375 0.0125 0.059375
2 0.77109375 0.42578125 0.0125 0.05625
2 0.78671875 0.42734375 0.01015625 0.065625
2 0.79375 0.3796875 0.01015625 0.0578125
2 0.98203125 0.346875 0.00859375 0.0546875
2 0.984375 0.23671875 0.0078125 0.03671875
2 0.9921875 0.22265625 0.0078125 0.05078125
2 0.98984375 0.19140625 0.01015625 0.0328125
2 0.83828125 0.1734375 0.01171875 0.05234375
2 0.8703125 0.1015625 0.01015625 0.03359375
2 0.85859375 0.0921875 0.009375 0.04453125
2 0.78203125 0.03125 0.01171875 0.03515625
2 0.79296875 0.0203125 0.009375 0.03984375
2 0.70859375 0.0234375 0.009375 0.0421875
2 0.68125 0.03828125 0.01015625 0.04296875
2 0.5234375 0.021875 0.00859375 0.0359375
2 0.53125 0.071875 0.0078125 0.05078125
2 0.5546875 0.096875 0.01015625 0.053125
2 0.57109375 0.1109375 0.01015625 0.03671875
2 0.57265625 0.15078125 0.0125 0.05234375
2 0.58515625 0.1625 0.01328125 0.053125
2 0.60703125 0.1890625 0.00859375 0.06484375
2 0.61640625 0.19765625 0.0125 0.0515625
2 0.615625 0.2375 0.01015625 0.05625
2 0.634375 0.24140625 0.0125 0.0484375
2 0.6375 0.27265625 0.0125 0.053125
2 0.64609375 0.29453125 0.0125 0.05859375
2 0.6703125 0.32421875 0.01015625 0.0609375
2 0.65625 0.25703125 0.009375 0.053125
2 0.64921875 0.24296875 0.01015625 0.0515625
2 0.6609375 0.23125 0.0125 0.05234375
2 0.67734375 0.2734375 0.009375 0.05234375
2 0.67421875 0.25078125 0.0109375 0.04140625
2 0.6921875 0.3109375 0.00859375 0.053125
2 0.6953125 0.353125 0.01484375 0.0640625
2 0.70546875 0.3828125 0.00859375 0.0515625
2 0.721875 0.3609375 0.0125 0.05859375
2 0.7328125 0.36953125 0.0109375 0.05859375
2 0.7234375 0.33828125 0.0140625 0.05078125
2 0.76796875 0.3484375 0.0125 0.0671875
2 0.75390625 0.38671875 0.01015625 0.0453125
2 0.78359375 0.4 0.0109375 0.06171875
2 0.79140625 0.340625 0.01015625 0.0515625
2 0.80390625 0.3234375 0.0109375 0.05234375
2 0.7828125 0.33359375 0.0140625 0.05546875
2 0.78828125 0.3046875 0.01015625 0.02890625
2 0.66640625 0.15 0.01015625 0.0296875
0 0.73984375 0.19140625 0.153125 0.24453125