2 0.98125 0.72265625 0.01171875 0.04453125
2 0.9703125 0.7296875 0.0109375 0.0390625
2 0.875 0.6875 0.01484375 0.04140625
2 0.7515625 0.6546875 0.01796875 0.04921875
2 0.7234375 0.61015625 0.01171875 0.04765625
2 0.7140625 0.59765625 0.0109375 0.04375
2 0.69609375 0.6203125 0.0109375 0.03984375
2 0.7015625 0.5921875 0.00703125 0.04140625
2 0.6953125 0.596875 0.00859375 0.0390625
2 0.6859375 0.60546875 0.0109375 0.04140625
2 0.67421875 0.57578125 0.01171875 0.0546875
2 0.65703125 0.584375 0.0140625 0.0421875
2 0.6453125 0.57421875 0.01171875 0.04296875
2 0.6578125 0.4078125 0.009375 0.0296875
2 0.5625 0.51875 0.0109375 0.02890625
2 0.58125 0.3765625 0.00859375 0.02265625
2 0.590625 0.38359375 0.00859375 0.028125
2 0.58828125 0.3546875 0.0078125 0.025
2 0.58359375 0.3546875 0.0078125 0.02265625
2 0.41484375 0.440625 0.00859375 0.0375
2 0.50625 0.35390625 0.0109375 0.0265625
2 0.44140625 0.48359375 0.00859375 0.0390625
2 0.42109375 0.484375 0.00625 0.034375
2 0.45390625 0.49375 0.0078125 0.03671875
2 0.459375 0.47265625 0.0125 0.05
2 0.17578125 0.97890625 0.0171875 0.0421875
2 0.36953125 0.26171875 0.00390625 0.02265625
2 0.36640625 0.265625 0.00859375 0.0234375
2 0.3625 0.253125 0.0078125 0.015625
2 0.40078125 0.24375 0.00546875 0.0203125
2 0.41796875 0.24921875 0.00625 0.01484375
2 0.4234375 0.24140625 0.0078125 0.01796875
2 0.43984375 0.225 0.01015625 0.0171875
2 0.45078125 0.22109375 0.00625 0.02109375
2 0.5 0.21484375 0.00390625 0.02578125
0 0.32109375 0.321875 0.08046875 0.0796875
2 0.60546875 0.165625 0.00390625 0.025
2 0.59609375 0.16640625 0.00546875 0.0171875
2 0.51875 0.20234375 0.00546875 0.0234375
2 0.51015625 0.2109375 0.00546875 0.01953125
2 0.5078125 0.1953125 0.00703125 0.01953125
0 0.67734375 0.68671875 0.15234375 0.16484375