1 0.44375 0.05859375 0.08046875 0.1171875
1 0.29453125 0.4015625 0.0625 0.1390625
2 0.784375 0.171875 0.009375 0.05234375
2 0.875 0.24921875 0.015625 0.04765625
2 0.7828125 0.4265625 0.0140625 0.06328125
2 0.5390625 0.09140625 0.0078125 0.05078125
2 0.93671875 0.1234375 0.0078125 0.04296875
2 0.58125 0.1578125 0.01015625 0.0546875
2 0.94765625 0.1265625 0.0109375 0.05
2 0.6484375 0.2484375 0.00859375 0.05234375
2 0.66796875 0.28046875 0.01171875 0.0546875
2 0.67890625 0.2609375 0.009375 0.0703125
2 0.67421875 0.2453125 0.009375 0.05546875
2 0.2671875 0.6828125 0.01953125 0.07421875
2 0.23828125 0.57578125 0.01015625 0.06796875
2 0.1234375 0.5203125 0.01328125 0.06796875
2 0.1078125 0.4515625 0.02421875 0.0578125
2 0.19140625 0.41015625 0.0109375 0.06171875
2 0.19375 0.5171875 0.01796875 0.0578125
2 0.228125 0.4265625 0.01875 0.065625
2 0.25 0.40703125 0.01484375 0.06015625
2 0.02265625 0.54453125 0.01328125 0.075
2 0.01015625 0.50234375 0.015625 0.06484375
2 0.6359375 0.18671875 0.00859375 0.05234375
0 0.51328125 0.87421875 0.17109375 0.2328125