2 0.98203125 0.1703125 0.01484375 0.05078125
2 0.79140625 0.071875 0.0125 0.0484375
2 0.7546875 0.07890625 0.00859375 0.04921875
2 0.92109375 0.228125 0.0109375 0.04609375
2 0.8359375 0.05546875 0.0109375 0.03515625
2 0.84140625 0.0515625 0.0125 0.04921875
2 0.8625 0.05390625 0.0109375 0.0359375
2 0.83359375 0.52421875 0.01015625 0.0609375
2 0.78125 0.30546875 0.0109375 0.0578125
2 0.7609375 0.34765625 0.0109375 0.059375
2 0.78359375 0.4484375 0.0125 0.059375
2 0.74765625 0.39453125 0.0125 0.05234375
2 0.7375 0.42109375 0.01171875 0.06484375
2 0.90078125 0.390625 0.0125 0.04921875
2 0.734375 0.3609375 0.01484375 0.065625
2 0.7421875 0.3859375 0.0109375 0.07109375
2 0.71796875 0.3515625 0.01328125 0.0515625
2 0.6921875 0.3046875 0.01328125 0.0625
2 0.67890625 0.33203125 0.01484375 0.0671875
2 0.665625 0.30859375 0.01484375 0.059375
2 0.67109375 0.2734375 0.01484375 0.0328125
2 0.6671875 0.24921875 0.0078125 0.05078125
2 0.63828125 0.2328125 0.0125 0.05625
2 0.61484375 0.23828125 0.0125 0.0546875
2 0.6140625 0.19296875 0.0140625 0.05234375
2 0.596875 0.17265625 0.0125 0.0546875
2 0.54375 0.10390625 0.01171875 0.053125
2 0.5578125 0.04765625 0.0109375 0.03984375
2 0.578125 0.11796875 0.01640625 0.04921875
0 0.7375 0.18984375 0.15390625 0.26015625
2 0.675 0.015625 0.009375 0.03125
2 0.603125 0.08671875 0.0078125 0.03125
2 0.6359375 0.1015625 0.01015625 0.03203125
1 0.16875 0.10390625 0.0359375 0.08046875
1 0.23203125 0.2765625 0.0734375 0.146875
2 0.13046875 0.38515625 0.01171875 0.0421875
2 0.2234375 0.3890625 0.01796875 0.0578125
2 0.0171875 0.6796875 0.01484375 0.059375
2 0.03671875 0.65859375 0.01640625 0.07265625
2 0.07109375 0.9375 0.01640625 0.0640625
2 0.121875 0.88359375 0.01875 0.06484375
2 0.1265625 0.8546875 0.0171875 0.07421875
2 0.15390625 0.57421875 0.01328125 0.06796875
2 0.16796875 0.646875 0.01640625 0.0640625
2 0.4359375 0.9796875 0.0125 0.03203125
2 0.45 0.96796875 0.0140625 0.0640625
2 0.35625 0.82734375 0.01640625 0.0703125
2 0.3765625 0.84296875 0.0125 0.071875
2 0.403125 0.8859375 0.0125 0.0640625
2 0.4 0.853125 0.01484375 0.065625
2 0.42734375 0.9328125 0.01640625 0.0671875
2 0.428125 0.91015625 0.0140625 0.05234375
2 0.20390625 0.415625 0.01015625 0.03671875
2 0.20625 0.43125 0.01015625 0.053125
2 0.328125 0.65 0.01484375 0.07109375
2 0.31796875 0.6578125 0.0125 0.05078125
2 0.31875 0.70859375 0.01484375 0.06796875
2 0.3109375 0.73203125 0.01328125 0.0359375
2 0.26796875 0.74453125 0.01484375 0.0578125
2 0.2796875 0.7234375 0.01171875 0.075
2 0.2890625 0.69765625 0.01015625 0.0703125
2 0.29375 0.68671875 0.0125 0.07265625
2 0.203125 0.7140625 0.0109375 0.065625
2 0.2140625 0.70390625 0.0140625 0.07734375
2 0.21328125 0.6421875 0.01484375 0.07109375
2 0.2125 0.59375 0.0125 0.053125
2 0.28828125 0.6 0.0125 0.05859375
2 0.2984375 0.58359375 0.0078125 0.0546875
2 0.27890625 0.66171875 0.0125 0.05546875
2 0.29765625 0.55703125 0.0125 0.0609375
2 0.29140625 0.54140625 0.0078125 0.0515625
2 0.2625 0.65234375 0.01328125 0.065625
2 0.26796875 0.61953125 0.015625 0.07421875
2 0.25234375 0.5984375 0.01015625 0.06484375
2 0.26640625 0.52890625 0.01484375 0.059375
2 0.2765625 0.50703125 0.00703125 0.0703125
2 0.25546875 0.51015625 0.01484375 0.05859375
2 0.24453125 0.58125 0.009375 0.065625
2 0.23046875 0.553125 0.01484375 0.08046875
2 0.2390625 0.55390625 0.0125 0.05625
2 0.21328125 0.478125 0.01015625 0.053125
2 0.2296875 0.503125 0.0109375 0.04921875
0 0.32578125 0.459375 0.11171875 0.29609375