1 0.38359375 0.8765625 0.1390625 0.246875
0 0.4828125 0.87109375 0.17734375 0.2578125
0 0.06015625 0.86640625 0.1203125 0.2671875
2 0.9828125 0.42421875 0.01171875 0.05625
2 0.93671875 0.49609375 0.01015625 0.06640625
2 0.984375 0.51328125 0.01171875 0.06328125
2 0.95 0.61953125 0.01328125 0.075
2 0.91875 0.66953125 0.01015625 0.06015625
2 0.66640625 0.73828125 0.01875 0.05703125
2 0.70703125 0.61953125 0.01171875 0.071875
2 0.80625 0.44609375 0.01015625 0.065625
2 0.8140625 0.665625 0.01015625 0.06640625
2 0.6828125 0.6859375 0.01328125 0.0609375
2 0.69921875 0.6859375 0.01015625 0.065625
2 0.709375 0.72890625 0.01328125 0.04140625
2 0.72421875 0.74296875 0.01328125 0.0484375
2 0.77265625 0.6984375 0.0140625 0.07421875
2 0.7609375 0.7015625 0.01484375 0.07890625
2 0.75546875 0.671875 0.01796875 0.05703125
2 0.73359375 0.65703125 0.01171875 0.05703125
2 0.72421875 0.68671875 0.01328125 0.0515625
2 0.73203125 0.71796875 0.015625 0.0640625
2 0.75546875 0.60859375 0.01640625 0.06328125
2 0.77421875 0.584375 0.01328125 0.065625
2 0.7703125 0.51875 0.01640625 0.05703125
2 0.7765625 0.50078125 0.01484375 0.053125
2 0.78046875 0.48046875 0.01171875 0.05
2 0.78671875 0.459375 0.0125 0.04921875
2 0.79453125 0.44140625 0.01015625 0.078125
2 0.79765625 0.40625 0.009375 0.03984375
2 0.80078125 0.38515625 0.01015625 0.0515625
2 0.309375 0.03046875 0.00859375 0.0484375
2 0.45546875 0.0390625 0.009375 0.04140625
2 0.24765625 0.01796875 0.01171875 0.03359375
2 0.0171875 0.14375 0.0109375 0.04609375
2 0.02734375 0.1640625 0.01328125 0.05078125
2 0.07421875 0.17421875 0.015625 0.04921875
2 0.1359375 0.18671875 0.01171875 0.05390625
2 0.08515625 0.08046875 0.01484375 0.05625
2 0.10703125 0.06328125 0.01015625 0.040625
2 0.16796875 0.11796875 0.01171875 0.04609375
2 0.159375 0.08984375 0.0125 0.05
2 0.28828125 0.17890625 0.0140625 0.046875
2 0.27890625 0.2171875 0.01015625 0.0359375
2 0.19453125 0.35078125 0.01640625 0.05078125
2 0.20859375 0.33046875 0.01328125 0.0703125
2 0.21796875 0.42109375 0.01328125 0.053125
2 0.2390625 0.4078125 0.01171875 0.05078125
2 0.25 0.41171875 0.01015625 0.05859375
2 0.2421875 0.35390625 0.00859375 0.05078125
2 0.290625 0.3171875 0.01015625 0.05625
2 0.30625 0.2984375 0.0171875 0.03671875
2 0.32109375 0.2640625 0.0125 0.04609375
2 0.33046875 0.25390625 0.0125 0.053125
2 0.35859375 0.28203125 0.01171875 0.05625
2 0.34375 0.271875 0.01484375 0.0484375
2 0.39375 0.234375 0.0109375 0.05390625
2 0.37890625 0.26328125 0.01171875 0.05546875
2 0.40546875 0.165625 0.0078125 0.0484375
2 0.4625 0.1015625 0.0109375 0.053125
2 0.4453125 0.128125 0.01171875 0.05078125
2 0.43515625 0.1140625 0.00859375 0.0515625
2 0.42578125 0.11953125 0.01171875 0.04296875
2 0.4359375 0.16875 0.01484375 0.05546875
2 0.4125 0.13984375 0.00859375 0.05
2 0.3921875 0.07734375 0.01171875 0.034375
2 0.18515625 0.1625 0.01171875 0.04921875
2 0.00546875 0.61484375 0.0109375 0.0515625
2 0.08359375 0.5390625 0.01796875 0.0703125
1 0.3078125 0.4015625 0.0890625 0.17578125
0 0.37578125 0.07109375 0.125 0.1359375