2 0.83984375 0.53359375 0.009375 0.03046875
2 0.825 0.540625 0.0109375 0.02890625
2 0.859375 0.31953125 0.00859375 0.01875
2 0.83125 0.2 0.00859375 0.0296875
2 0.8015625 0.2828125 0.009375 0.02578125
2 0.7234375 0.33046875 0.009375 0.03046875
2 0.696875 0.3734375 0.009375 0.034375
2 0.72265625 0.53359375 0.01015625 0.04296875
2 0.7015625 0.528125 0.01171875 0.03671875
2 0.6765625 0.5578125 0.01015625 0.0390625
2 0.6171875 0.44296875 0.0109375 0.03125
2 0.61640625 0.57421875 0.01171875 0.02890625
2 0.5734375 0.5171875 0.0125 0.03359375
2 0.5671875 0.48671875 0.00859375 0.03125
2 0.53359375 0.4484375 0.01328125 0.0296875
2 0.984375 0.5125 0.01015625 0.0296875
2 0.471875 0.45 0.0078125 0.01875
2 0.4796875 0.54296875 0.0078125 0.03046875
2 0.47421875 0.5375 0.009375 0.0359375
2 0.45 0.571875 0.01171875 0.034375
2 0.39140625 0.60859375 0.0078125 0.0375
2 0.37734375 0.60390625 0.0109375 0.0359375
2 0.3734375 0.60234375 0.01171875 0.03359375
2 0.340625 0.6 0.0109375 0.03671875
2 0.34609375 0.54453125 0.01015625 0.034375
2 0.28359375 0.4078125 0.01015625 0.028125
2 0.24140625 0.3421875 0.0109375 0.03828125
2 0.23203125 0.35078125 0.009375 0.040625
2 0.1734375 0.59921875 0.00703125 0.03671875
2 0.18046875 0.609375 0.01328125 0.03984375
2 0.1 0.59921875 0.00859375 0.028125
2 0.1015625 0.653125 0.0125 0.04140625
2 0.084375 0.628125 0.00703125 0.03125
2 0.06640625 0.59765625 0.01015625 0.04453125
2 0.021875 0.609375 0.01328125 0.03984375
2 0.05625 0.69765625 0.00859375 0.03828125
2 0.04765625 0.70078125 0.01328125 0.040625
2 0.221875 0.34609375 0.01171875 0.0375
2 0.03984375 0.3125 0.0109375 0.0359375
2 0.02578125 0.1203125 0.0078125 0.0171875
2 0.01953125 0.1203125 0.009375 0.0171875
0 0.68671875 0.6375 0.16328125 0.1015625
0 0.35625 0.68359375 0.15859375 0.1125