2 0.2109375 0.17109375 0.003125 0.015625
2 0.2234375 0.15078125 0.00546875 0.02421875
2 0.21796875 0.1484375 0.00546875 0.02578125
2 0.17265625 0.39140625 0.00625 0.0265625
2 0.17890625 0.390625 0.00546875 0.02734375
2 0.05859375 0.37890625 0.00859375 0.03125
2 0.04921875 0.5234375 0.0078125 0.02890625
2 0.05703125 0.52109375 0.0078125 0.03203125
2 0.1 0.52265625 0.00859375 0.0328125
2 0.1640625 0.46015625 0.00625 0.0203125
2 0.19453125 0.58671875 0.00859375 0.02734375
2 0.1875 0.59453125 0.00859375 0.03359375
2 0.2546875 0.54609375 0.00625 0.03046875
2 0.28671875 0.5328125 0.0078125 0.03359375
2 0.3453125 0.57578125 0.00859375 0.046875
2 0.35703125 0.58046875 0.00703125 0.034375
2 0.371875 0.55546875 0.0078125 0.034375
2 0.38359375 0.5609375 0.0078125 0.03671875
2 0.48046875 0.559375 0.009375 0.03828125
2 0.5015625 0.5859375 0.0078125 0.034375
2 0.51796875 0.6015625 0.00703125 0.0421875
2 0.5171875 0.553125 0.01015625 0.03359375
2 0.5296875 0.54453125 0.00546875 0.02578125
2 0.53515625 0.54765625 0.01015625 0.02890625
2 0.54921875 0.546875 0.00859375 0.03359375
2 0.55703125 0.5734375 0.00625 0.0359375
2 0.57421875 0.60859375 0.00546875 0.0328125
2 0.5890625 0.58046875 0.00625 0.0375
2 0.6109375 0.61015625 0.009375 0.0328125
2 0.6296875 0.62421875 0.00859375 0.040625
2 0.64453125 0.63671875 0.00859375 0.03828125
2 0.66796875 0.54453125 0.00859375 0.03828125
2 0.678125 0.62578125 0.00546875 0.0296875
2 0.6984375 0.6046875 0.0078125 0.0359375
2 0.690625 0.64609375 0.0109375 0.0375
2 0.72890625 0.6546875 0.00703125 0.0375
2 0.75703125 0.65625 0.0078125 0.034375
2 0.75703125 0.6 0.00859375 0.03671875
2 0.7796875 0.6703125 0.0109375 0.03515625
2 0.834375 0.66953125 0.01171875 0.0359375
2 0.81484375 0.675 0.00703125 0.04765625
2 0.91640625 0.68671875 0.00859375 0.03671875
2 0.9546875 0.6390625 0.00859375 0.04140625
2 0.96015625 0.6125 0.00859375 0.02734375
2 0.96796875 0.6109375 0.0078125 0.02421875
2 0.9796875 0.51328125 0.00546875 0.03046875
2 0.9921875 0.5375 0.0078125 0.04453125
2 0.97578125 0.55703125 0.00859375 0.0390625
2 0.9921875 0.5890625 0.01171875 0.04453125
2 0.9953125 0.4453125 0.009375 0.03515625
2 0.95703125 0.40234375 0.009375 0.0296875
2 0.9765625 0.146875 0.00625 0.02265625
2 0.98984375 0.2703125 0.0078125 0.02890625
2 0.721875 0.375 0.0078125 0.04140625
2 0.665625 0.428125 0.00859375 0.02578125
2 0.66015625 0.4234375 0.0109375 0.03046875
2 0.63828125 0.2953125 0.00859375 0.0296875
2 0.6453125 0.29453125 0.00625 0.02578125
2 0.35390625 0.328125 0.0046875 0.0140625
2 0.3359375 0.39375 0.0078125 0.034375