1 0.29609375 0.40625 0.0890625 0.18046875
0 0.48671875 0.87109375 0.17265625 0.2484375
1 0.6359375 0.66328125 0.11484375 0.234375
1 0.55234375 0.0609375 0.0828125 0.121875
2 0.61953125 0.9453125 0.01796875 0.06953125
2 0.96328125 0.6875 0.0203125 0.06640625
2 0.75859375 0.5890625 0.01875 0.06953125
2 0.878125 0.5359375 0.01796875 0.05390625
2 0.86484375 0.575 0.01875 0.06953125
0 0.2671875 0.18125 0.15859375 0.2421875
2 0.009375 0.32734375 0.0140625 0.053125
2 0.16328125 0.07109375 0.0125 0.04765625
2 0.0953125 0.14609375 0.0109375 0.0484375
2 0.40234375 0.01796875 0.01015625 0.03359375
2 0.4390625 0.09765625 0.01484375 0.0453125
2 0.378125 0.20234375 0.009375 0.05546875
2 0.3578125 0.25546875 0.0078125 0.059375
2 0.3359375 0.14609375 0.01328125 0.02578125
2 0.35234375 0.2375 0.0109375 0.05703125
2 0.33046875 0.2453125 0.009375 0.0578125
2 0.3046875 0.2625 0.00859375 0.05546875
2 0.07734375 0.240625 0.00859375 0.03203125
0 0.1109375 0.290625 0.18125 0.28203125