2 0.09765625 0.7015625 0.0171875 0.05546875
2 0.290625 0.59765625 0.0140625 0.04375
2 0.34921875 0.5765625 0.0125 0.04609375
2 0.309375 0.48125 0.00859375 0.0328125
2 0.32421875 0.503125 0.01015625 0.040625
2 0.4234375 0.52578125 0.01015625 0.0375
2 0.4421875 0.51328125 0.00859375 0.040625
2 0.334375 0.4125 0.0140625 0.02578125
2 0.19765625 0.50390625 0.00703125 0.03515625
0 0.28203125 0.69609375 0.15859375 0.16171875
1 0.32734375 0.71015625 0.08515625 0.125
2 0.496875 0.5046875 0.0078125 0.03359375
2 0.56953125 0.4875 0.0078125 0.03984375
2 0.5171875 0.49140625 0.01015625 0.03671875
2 0.52578125 0.47890625 0.0078125 0.03828125
2 0.5515625 0.44921875 0.009375 0.03125
2 0.559375 0.44375 0.00703125 0.02734375
2 0.43203125 0.340625 0.00546875 0.01953125
2 0.4390625 0.3390625 0.00625 0.02421875
2 0.465625 0.359375 0.00546875 0.0203125
2 0.45546875 0.3546875 0.0046875 0.02109375
2 0.5765625 0.30703125 0.00625 0.0265625
2 0.4828125 0.20234375 0.00390625 0.025
2 0.490625 0.209375 0.00625 0.021875
2 0.496875 0.2109375 0.00625 0.01640625
2 0.55078125 0.17890625 0.00546875 0.01953125
2 0.5546875 0.196875 0.00625 0.01640625
2 0.59921875 0.2125 0.00390625 0.015625
2 0.62578125 0.271875 0.0078125 0.02265625
2 0.61640625 0.2703125 0.0078125 0.0203125
2 0.60859375 0.271875 0.00546875 0.01875
2 0.603125 0.26484375 0.0046875 0.025
2 0.6421875 0.2796875 0.00546875 0.025
2 0.63984375 0.27109375 0.0046875 0.02421875
2 0.39609375 0.1703125 0.00390625 0.01953125
2 0.40390625 0.171875 0.00546875 0.0171875