0 0.52890625 0.68046875 0.18359375 0.11015625
2 0.2125 0.2171875 0.01171875 0.03359375
2 0.0984375 0.41015625 0.0125 0.0375
2 0.15859375 0.51875 0.0109375 0.03359375
2 0.0140625 0.38125 0.00546875 0.03203125
2 0.26171875 0.54453125 0.00625 0.0328125
2 0.28828125 0.5234375 0.00859375 0.03828125
2 0.3671875 0.57890625 0.0109375 0.0359375
2 0.44453125 0.56171875 0.00859375 0.03828125
2 0.45859375 0.40625 0.009375 0.03203125
2 0.53046875 0.33515625 0.00625 0.03359375
2 0.53984375 0.3546875 0.00859375 0.0421875
2 0.75 0.42421875 0.00625 0.0328125
2 0.79765625 0.29765625 0.00859375 0.02578125
2 0.80390625 0.3046875 0.00546875 0.03203125
2 0.66796875 0.5578125 0.0109375 0.04296875
2 0.85546875 0.4078125 0.01015625 0.0359375
2 0.94296875 0.26953125 0.01015625 0.03359375
2 0.91953125 0.3 0.0078125 0.028125
2 0.9171875 0.29921875 0.0078125 0.0265625
2 0.94921875 0.44140625 0.01015625 0.0328125
2 0.96328125 0.20859375 0.00546875 0.0296875
2 0.940625 0.21484375 0.00546875 0.0234375
2 0.94609375 0.21640625 0.00703125 0.01953125
2 0.99609375 0.5296875 0.00546875 0.04609375
2 0.86875 0.64609375 0.00625 0.0328125
2 0.8203125 0.67421875 0.00546875 0.0453125
2 0.8015625 0.596875 0.0046875 0.0328125
2 0.78203125 0.66875 0.00703125 0.046875
2 0.759375 0.5984375 0.015625 0.0421875
2 0.7390625 0.60625 0.00859375 0.04453125
2 0.7546875 0.65625 0.0078125 0.03671875
2 0.72890625 0.65625 0.00390625 0.0421875
2 0.5234375 0.55078125 0.01015625 0.03359375
2 0.55390625 0.57421875 0.01015625 0.03515625
2 0.5515625 0.61015625 0.009375 0.0328125
2 0.61875 0.61015625 0.00625 0.03125
2 0.65234375 0.634375 0.0078125 0.0421875
2 0.64609375 0.62421875 0.0078125 0.0359375
2 0.67421875 0.6453125 0.01171875 0.0375
2 0.66015625 0.6171875 0.0078125 0.04296875
2 0.65703125 0.60390625 0.00703125 0.0359375
2 0.665625 0.603125 0.0078125 0.04375
2 0.6828125 0.621875 0.00703125 0.03671875
2 0.696875 0.625 0.0078125 0.0390625