2 0.1375 0.90859375 0.02421875 0.08515625
2 0.02734375 0.79296875 0.01875 0.07578125
2 0.046875 0.79296875 0.02265625 0.07578125
2 0.0125 0.3046875 0.01484375 0.0609375
2 0.17578125 0.35859375 0.01640625 0.06171875
2 0.2046875 0.51640625 0.01484375 0.065625
0 0.284375 0.3671875 0.0875 0.190625
0 0.35 0.59765625 0.11796875 0.25703125
0 0.4046875 0.5203125 0.14765625 0.3234375
0 0.52421875 0.88125 0.171875 0.2375
2 0.6046875 0.3625 0.01328125 0.0703125
2 0.61640625 0.37578125 0.0171875 0.06640625
2 0.95625 0.56875 0.0140625 0.06640625
2 0.9328125 0.61875 0.01640625 0.075
2 0.8171875 0.49140625 0.01796875 0.06328125
2 0.8171875 0.44140625 0.01484375 0.0484375
2 0.78125 0.453125 0.01875 0.06328125
2 0.82109375 0.37265625 0.01328125 0.0265625
2 0.76171875 0.40546875 0.01484375 0.06328125
2 0.77265625 0.375 0.0125 0.05859375
2 0.76796875 0.34609375 0.01328125 0.059375
2 0.95234375 0.08359375 0.01171875 0.05234375
2 0.79765625 0.0375 0.01171875 0.0375
2 0.76796875 0.1 0.01171875 0.05078125
2 0.75703125 0.0859375 0.009375 0.0515625
2 0.7484375 0.09375 0.0125 0.04140625
2 0.70078125 0.040625 0.01171875 0.04921875
2 0.675 0.021875 0.01015625 0.03984375
2 0.6671875 0.059375 0.0109375 0.040625
2 0.56015625 0.06484375 0.009375 0.0453125
2 0.55546875 0.06640625 0.0125 0.04921875
2 0.5734375 0.121875 0.01171875 0.0421875
2 0.72734375 0.209375 0.0125 0.05
2 0.7328125 0.37109375 0.01328125 0.07734375
2 0.72578125 0.3546875 0.01328125 0.0578125
2 0.71484375 0.340625 0.01328125 0.05703125
2 0.6984375 0.32421875 0.0125 0.06484375
2 0.69140625 0.30625 0.009375 0.075
2 0.69140625 0.26875 0.01171875 0.06484375
2 0.66328125 0.3015625 0.01171875 0.05546875
2 0.671875 0.26953125 0.009375 0.05234375
2 0.6625 0.25078125 0.01328125 0.053125
2 0.6515625 0.23125 0.00703125 0.0453125
2 0.6234375 0.26484375 0.0140625 0.0625
2 0.61484375 0.2265625 0.01328125 0.0546875
2 0.78359375 0.28203125 0.0078125 0.0421875
2 0.77890625 0.28046875 0.00703125 0.02578125
2 0.75859375 0.25546875 0.0109375 0.02265625
2 0.7171875 0.20234375 0.0109375 0.01875
2 0.67265625 0.1484375 0.00859375 0.025
2 0.65703125 0.128125 0.00703125 0.01953125
2 0.63984375 0.1859375 0.01171875 0.05546875
2 0.6703125 0.234375 0.0078125 0.02578125
2 0.58984375 0.209375 0.0125 0.0640625
2 0.58359375 0.1796875 0.00703125 0.05234375
2 0.5640625 0.16484375 0.01171875 0.05234375
2 0.5734375 0.19375 0.00859375 0.05078125
0 0.75078125 0.20546875 0.165625 0.25625
1 0.15703125 0.08828125 0.05546875 0.0859375
2 0.21796875 0.09453125 0.01015625 0.05390625
2 0.23671875 0.1015625 0.01015625 0.04609375
2 0.23203125 0.1 0.01015625 0.06328125