0 0.38828125 0.06953125 0.1125 0.1390625
1 0.340625 0.4546875 0.0703125 0.19921875
0 0.51328125 0.87265625 0.178125 0.2546875
1 0.7296875 0.44140625 0.09453125 0.17890625
1 0.59921875 0.26328125 0.10078125 0.16796875
1 0.446875 0.05546875 0.08046875 0.1109375
2 0.96015625 0.31484375 0.015625 0.05546875
2 0.89375 0.046875 0.01640625 0.05078125
2 0.971875 0.96484375 0.021875 0.0703125
2 0.43984375 0.97734375 0.01796875 0.04453125
2 0.37421875 0.92421875 0.015625 0.08984375
2 0.07265625 0.9640625 0.0234375 0.071875
2 0.13203125 0.9046875 0.02265625 0.08359375
2 0.08671875 0.740625 0.0203125 0.08046875
2 0.115625 0.5546875 0.01796875 0.06953125
2 0.1328125 0.52734375 0.01875 0.07265625
2 0.2171875 0.48046875 0.0140625 0.06015625
2 0.24609375 0.5859375 0.01796875 0.06640625
2 0.5375 0.0375 0.009375 0.04765625
2 0.5703125 0.08046875 0.009375 0.0546875
2 0.6609375 0.14609375 0.00546875 0.034375
2 0.62421875 0.21484375 0.00625 0.02890625
2 0.67734375 0.26875 0.009375 0.05703125
2 0.6359375 0.18203125 0.00625 0.05234375
2 0.6671875 0.23125 0.009375 0.04296875