0 0.3765625 0.03125 0.09921875 0.06171875
0 0.48046875 0.8671875 0.18515625 0.265625
1 0.725 0.39765625 0.078125 0.19609375
1 0.23671875 0.51171875 0.11640625 0.20234375
2 0.00703125 0.9453125 0.0140625 0.06953125
2 0.01015625 0.71484375 0.01484375 0.06171875
2 0.02890625 0.7015625 0.0140625 0.05390625
2 0.6125 0.96484375 0.01875 0.0703125
2 0.690625 0.7125 0.0140625 0.07265625
2 0.96953125 0.3796875 0.0140625 0.06171875
2 0.08515625 0.08359375 0.0125 0.04296875
2 0.2 0.14453125 0.0109375 0.04453125
2 0.0265625 0.12578125 0.00234375 0.04140625
2 0.08203125 0.2640625 0.01484375 0.05546875
2 0.015625 0.10390625 0.0140625 0.04375
2 0.21640625 0.31171875 0.015625 0.05234375
2 0.146875 0.35234375 0.01328125 0.05
2 0.1703125 0.503125 0.01484375 0.05703125
2 0.4109375 0.11796875 0.00859375 0.0484375
2 0.76328125 0.546875 0.015625 0.06796875
2 0.8140625 0.44140625 0.0125 0.06171875
2 0.809375 0.56640625 0.0171875 0.075
2 0.87109375 0.56015625 0.0140625 0.071875
2 0.8671875 0.5828125 0.021875 0.06796875
2 0.2703125 0.3234375 0.0109375 0.046875
2 0.27265625 0.22890625 0.009375 0.01875
2 0.27734375 0.31171875 0.009375 0.03828125
2 0.3296875 0.30234375 0.009375 0.05625
2 0.4234375 0.1625 0.01015625 0.053125
2 0.428125 0.1734375 0.00859375 0.05546875
2 0.4078125 0.19453125 0.01015625 0.0546875
2 0.35625 0.18046875 0.00859375 0.04609375
2 0.32265625 0.26640625 0.01328125 0.05546875
2 0.37265625 0.24765625 0.009375 0.0546875
2 0.353125 0.24296875 0.0078125 0.05546875
2 0.3375 0.27421875 0.01171875 0.05625