0 0.6140625 0.63671875 0.14765625 0.35
1 0.42109375 0.21875 0.09609375 0.146875
2 0.5296875 0.865625 0.01484375 0.0625
2 0.91640625 0.58984375 0.0140625 0.06796875
2 0.98046875 0.2390625 0.009375 0.05234375
2 0.953125 0.35859375 0.01171875 0.0578125
2 0.2203125 0.14921875 0.009375 0.04765625
2 0.13828125 0.12890625 0.00859375 0.04765625
2 0.096875 0.11015625 0.0125 0.04921875
2 0.10546875 0.16640625 0.009375 0.04296875
2 0.22890625 0.2546875 0.0140625 0.05078125
2 0.2171875 0.23125 0.00859375 0.053125
2 0.32265625 0.27109375 0.01015625 0.0609375
2 0.33515625 0.23203125 0.01171875 0.05234375