2 0.0375 0.51015625 0.01484375 0.03671875
2 0.025 0.5171875 0.00859375 0.02734375
2 0.08359375 0.52265625 0.0078125 0.0375
2 0.08984375 0.52421875 0.01015625 0.02578125
2 0.13671875 0.51796875 0.0078125 0.03046875
0 0.1859375 0.63828125 0.1546875 0.12734375
2 0.225 0.32578125 0.0078125 0.02109375
2 0.3046875 0.36875 0.00703125 0.03828125
2 0.28203125 0.53125 0.0078125 0.0328125
2 0.2890625 0.56015625 0.00703125 0.03203125
2 0.31171875 0.55 0.009375 0.0359375
2 0.3546875 0.55859375 0.009375 0.04140625
2 0.453125 0.55703125 0.00859375 0.03828125
2 0.51875 0.5671875 0.00859375 0.05234375
2 0.4953125 0.3375 0.00859375 0.03046875
2 0.56953125 0.3625 0.00703125 0.02890625
2 0.66171875 0.40078125 0.0078125 0.04140625
2 0.5546875 0.45625 0.01015625 0.03515625
2 0.5390625 0.55078125 0.0078125 0.04140625
2 0.5453125 0.59375 0.0078125 0.04375
2 0.55390625 0.58671875 0.01015625 0.04375
2 0.57734375 0.60703125 0.0078125 0.0453125
2 0.5859375 0.6 0.01015625 0.0375
2 0.64296875 0.63125 0.0078125 0.040625
2 0.6515625 0.61171875 0.00625 0.03984375
2 0.66328125 0.6421875 0.00859375 0.04296875
2 0.67890625 0.6296875 0.01015625 0.03828125
2 0.66640625 0.55390625 0.00703125 0.0375
2 0.69375 0.58828125 0.01015625 0.0390625
2 0.69765625 0.6375 0.00859375 0.03828125
2 0.7078125 0.6125 0.009375 0.03984375
2 0.71953125 0.4 0.00703125 0.0359375
2 0.74296875 0.378125 0.00625 0.0390625
2 0.74921875 0.378125 0.009375 0.0375
2 0.9046875 0.42890625 0.0078125 0.034375
2 0.7625 0.5921875 0.0078125 0.0375
2 0.75234375 0.63046875 0.00859375 0.03671875
2 0.76953125 0.62578125 0.009375 0.03359375
2 0.9328125 0.7203125 0.00703125 0.03828125
2 0.9703125 0.70390625 0.009375 0.03984375
2 0.978125 0.696875 0.00703125 0.03984375
2 0.98359375 0.72890625 0.009375 0.04453125
2 0.984375 0.70078125 0.009375 0.0328125
2 0.99375 0.45 0.00859375 0.0390625
2 0.9796875 0.4828125 0.009375 0.04609375
2 0.9625 0.45390625 0.00703125 0.03984375
2 0.97109375 0.45546875 0.00859375 0.03125
2 0.934375 0.37578125 0.00859375 0.03515625
2 0.96640625 0.290625 0.00859375 0.0375
2 0.8890625 0.31640625 0.00859375 0.03203125
2 0.93671875 0.2109375 0.00703125 0.0265625
2 0.95234375 0.26640625 0.00625 0.02734375
2 0.97265625 0.15546875 0.00625 0.02109375
2 0.9796875 0.15703125 0.00390625 0.02421875
2 0.98359375 0.15625 0.00703125 0.0203125
2 0.9765625 0.18828125 0.00625 0.02578125
2 0.97890625 0.246875 0.00859375 0.0296875