2 0.01796875 0.640625 0.01328125 0.04609375
2 0.1421875 0.675 0.015625 0.04296875
2 0.203125 0.63984375 0.0109375 0.04921875
2 0.24609375 0.63359375 0.0140625 0.05390625
2 0.2859375 0.62265625 0.0109375 0.0453125
2 0.3125 0.62734375 0.01015625 0.0421875
2 0.34375 0.59921875 0.009375 0.0421875
2 0.30625 0.596875 0.0109375 0.0390625
2 0.28203125 0.5875 0.0125 0.0390625
2 0.275 0.53203125 0.009375 0.04765625
2 0.2484375 0.521875 0.01015625 0.03046875
2 0.2390625 0.515625 0.009375 0.03125
2 0.275 0.45078125 0.00859375 0.034375
2 0.265625 0.44609375 0.00859375 0.0375
2 0.2609375 0.44765625 0.009375 0.040625
2 0.390625 0.55546875 0.00859375 0.03984375
2 0.38828125 0.53828125 0.009375 0.040625
2 0.40703125 0.5328125 0.01015625 0.0421875
2 0.4390625 0.53671875 0.01015625 0.03515625
2 0.42734375 0.52109375 0.00703125 0.03359375
2 0.434375 0.52109375 0.00625 0.03984375
2 0.4578125 0.5140625 0.01015625 0.0375
2 0.46953125 0.528125 0.01015625 0.0375
2 0.47890625 0.5078125 0.00859375 0.03984375
2 0.50234375 0.49140625 0.01015625 0.03671875
1 0.3875 0.64140625 0.0765625 0.10859375
2 0.84609375 0.65390625 0.0109375 0.0375
2 0.81015625 0.65625 0.01015625 0.03828125
2 0.78828125 0.6140625 0.00859375 0.04296875
2 0.80390625 0.640625 0.009375 0.04140625
2 0.81484375 0.62890625 0.00859375 0.03984375
2 0.73984375 0.5828125 0.01015625 0.03203125
2 0.71953125 0.5859375 0.0109375 0.034375
2 0.7171875 0.57890625 0.00859375 0.04453125
2 0.68125 0.5640625 0.01015625 0.03515625
2 0.671875 0.546875 0.0140625 0.03984375
2 0.65859375 0.55390625 0.0125 0.0359375
2 0.6140625 0.54296875 0.0109375 0.040625
2 0.53203125 0.4828125 0.0109375 0.03359375
2 0.54765625 0.496875 0.00703125 0.03515625
2 0.553125 0.46015625 0.0078125 0.034375
2 0.43359375 0.36796875 0.0109375 0.0359375
2 0.44140625 0.34453125 0.00703125 0.01953125
2 0.4921875 0.35703125 0.00859375 0.04375
2 0.48203125 0.346875 0.009375 0.03046875
2 0.58125 0.490625 0.009375 0.0375
2 0.58671875 0.4828125 0.0078125 0.04140625
2 0.578125 0.4640625 0.0078125 0.03671875
2 0.60078125 0.46484375 0.00859375 0.0328125
2 0.5921875 0.45625 0.00859375 0.03203125
2 0.58515625 0.45703125 0.00703125 0.040625
2 0.6109375 0.5125 0.01015625 0.0390625
2 0.625 0.5265625 0.009375 0.03984375
2 0.63125 0.52421875 0.009375 0.0359375
2 0.63515625 0.51796875 0.00703125 0.040625
2 0.60078125 0.49296875 0.01015625 0.04140625
2 0.64453125 0.5203125 0.00859375 0.04453125
2 0.65 0.5296875 0.009375 0.04375
2 0.65234375 0.51796875 0.00859375 0.0484375
0 0.90078125 0.315625 0.04296875 0.0578125
0 0.94375 0.29453125 0.03203125 0.05078125
0 0.5984375 0.353125 0.06015625 0.08515625
0 0.74609375 0.33359375 0.0890625 0.06484375
2 0.39765625 0.16875 0.00390625 0.0234375
2 0.40546875 0.17265625 0.00390625 0.0203125
2 0.41015625 0.17578125 0.00390625 0.01796875
2 0.41875 0.18046875 0.00546875 0.01484375
2 0.4828125 0.2046875 0.0046875 0.01953125
2 0.496875 0.21171875 0.0046875 0.0203125
2 0.5109375 0.2203125 0.00390625 0.02265625
2 0.54609375 0.225 0.00546875 0.01640625
2 0.56171875 0.23671875 0.00625 0.01875
2 0.62578125 0.23984375 0.0046875 0.02578125
2 0.61796875 0.27578125 0.00390625 0.021875
2 0.621875 0.28046875 0.003125 0.02890625
2 0.6296875 0.28203125 0.0078125 0.021875
2 0.63828125 0.2859375 0.00625 0.0203125
2 0.6359375 0.27734375 0.0078125 0.02578125
2 0.63515625 0.21015625 0.00703125 0.01796875
2 0.6140625 0.1984375 0.00546875 0.01875