2 0.03359375 0.70859375 0.01796875 0.07109375
2 0.38046875 0.94453125 0.02109375 0.08046875
2 0.63203125 0.9359375 0.01796875 0.06953125
2 0.36484375 0.79921875 0.01640625 0.07421875
2 0.384375 0.82421875 0.01328125 0.05390625
2 0.4015625 0.890625 0.01171875 0.05625
2 0.40390625 0.85078125 0.0203125 0.065625
2 0.39609375 0.86328125 0.00625 0.04453125
2 0.434375 0.9625 0.01328125 0.053125
2 0.234375 0.76328125 0.01640625 0.03515625
2 0.284375 0.73984375 0.0109375 0.04296875
2 0.29765625 0.6421875 0.01484375 0.0453125
2 0.2921875 0.68984375 0.015625 0.071875
2 0.2 0.41484375 0.01484375 0.059375
2 0.171875 0.62109375 0.01953125 0.05703125
2 0.18203125 0.57109375 0.01953125 0.06328125
2 0.2078125 0.68515625 0.01171875 0.078125
2 0.23671875 0.6625 0.01171875 0.06953125
2 0.2578125 0.5921875 0.01015625 0.05625
2 0.2546875 0.709375 0.01484375 0.071875
1 0.70625 0.5625 0.11171875 0.19921875
2 0.9203125 0.63828125 0.015625 0.0734375
2 0.9765625 0.609375 0.01484375 0.053125
2 0.89609375 0.52890625 0.009375 0.071875
2 0.759375 0.390625 0.0109375 0.059375
2 0.78359375 0.35 0.0125 0.05703125
2 0.82734375 0.2890625 0.0125 0.059375
2 0.89375 0.39453125 0.01015625 0.03984375
2 0.928125 0.8953125 0.01875 0.06875
2 0.85234375 0.9453125 0.02109375 0.07421875
2 0.959375 0.853125 0.01796875 0.06015625
2 0.90625 0.915625 0.01640625 0.0765625
2 0.89609375 0.87890625 0.01875 0.06015625
2 0.97109375 0.8890625 0.0171875 0.075
2 0.85078125 0.88359375 0.01171875 0.071875
2 0.96484375 0.303125 0.0109375 0.06015625
2 0.928125 0.25625 0.0109375 0.0515625
2 0.89921875 0.23671875 0.01484375 0.0609375
2 0.6328125 0.30390625 0.01171875 0.04609375
2 0.61171875 0.234375 0.00859375 0.05078125
2 0.92734375 0.034375 0.0140625 0.0484375
2 0.9015625 0.028125 0.00859375 0.03828125
2 0.80234375 0.11640625 0.01015625 0.04453125
2 0.71328125 0.0234375 0.009375 0.046875
2 0.728125 0.03671875 0.00703125 0.03671875
2 0.74296875 0.03203125 0.0109375 0.0390625
2 0.9484375 0.19296875 0.01328125 0.046875
2 0.95390625 0.17734375 0.00625 0.0359375
2 0.94375 0.18046875 0.009375 0.03984375
2 0.53984375 0.096875 0.01015625 0.0484375
2 0.55546875 0.06953125 0.00859375 0.04609375
2 0.55390625 0.028125 0.00859375 0.03359375
2 0.50859375 0.02109375 0.00859375 0.0390625
2 0.58515625 0.09453125 0.009375 0.04453125
2 0.59296875 0.1734375 0.01328125 0.0453125
2 0.584375 0.14296875 0.01171875 0.05078125
2 0.60546875 0.20390625 0.0125 0.04453125
2 0.6328125 0.21953125 0.0109375 0.05078125
2 0.69375 0.26875 0.0109375 0.05546875
2 0.753125 0.3515625 0.0125 0.05859375
2 0.6765625 0.26953125 0.009375 0.05625
2 0.6625 0.2328125 0.0109375 0.03828125
2 0.65 0.28203125 0.00859375 0.053125
2 0.640625 0.278125 0.01015625 0.0546875
1 0.68671875 0.39375 0.09140625 0.16875