2 0.99140625 0.34296875 0.0125 0.0484375
2 0.95390625 0.26328125 0.01171875 0.0453125
2 0.86015625 0.134375 0.0109375 0.053125
2 0.8828125 0.0234375 0.01015625 0.0453125
2 0.9078125 0.09921875 0.0109375 0.0515625
2 0.73828125 0.0765625 0.01015625 0.04296875
2 0.990625 0.0921875 0.0109375 0.04375
2 0.95625 0.10859375 0.0140625 0.046875
2 0.9625 0.07734375 0.01015625 0.053125
2 0.96796875 0.08359375 0.009375 0.0453125
2 0.67890625 0.08984375 0.0125 0.04609375
2 0.67421875 0.0265625 0.009375 0.04375
2 0.70703125 0.096875 0.009375 0.0453125
2 0.45390625 0.06015625 0.01171875 0.0390625
2 0.48046875 0.015625 0.01015625 0.03046875
2 0.51484375 0.04140625 0.00859375 0.04609375
2 0.55234375 0.10078125 0.00859375 0.04453125
2 0.5640625 0.109375 0.009375 0.05078125
2 0.584375 0.0609375 0.0078125 0.04609375
2 0.6515625 0.0140625 0.009375 0.028125
2 0.58046875 0.16171875 0.01171875 0.04609375
2 0.6 0.17890625 0.00859375 0.04453125
2 0.590625 0.153125 0.00625 0.04921875
2 0.61484375 0.19921875 0.01015625 0.05390625
2 0.63125 0.20703125 0.0140625 0.0484375
2 0.665625 0.146875 0.01015625 0.021875
2 0.72265625 0.215625 0.00703125 0.0296875
2 0.653125 0.11875 0.0078125 0.025
2 0.628125 0.253125 0.00859375 0.06015625
2 0.63203125 0.26953125 0.009375 0.05625
2 0.91015625 0.46875 0.0171875 0.05625
2 0.909375 0.534375 0.01796875 0.06796875
2 0.896875 0.52578125 0.01171875 0.075
2 0.81015625 0.478125 0.01015625 0.06953125
2 0.8140625 0.38359375 0.0125 0.0640625
2 0.8015625 0.40625 0.01171875 0.059375
2 0.77421875 0.43828125 0.01328125 0.05625
2 0.74609375 0.39453125 0.01015625 0.059375
2 0.72265625 0.40859375 0.0125 0.05625
2 0.80078125 0.33984375 0.009375 0.03515625
2 0.7671875 0.39921875 0.0109375 0.0640625
2 0.77890625 0.37890625 0.0109375 0.05390625
2 0.796875 0.37421875 0.01328125 0.05859375
2 0.734375 0.3625 0.015625 0.06171875
2 0.759375 0.35078125 0.01328125 0.0546875
2 0.7890625 0.346875 0.01171875 0.046875
2 0.72578125 0.34921875 0.009375 0.05546875
2 0.7125 0.3328125 0.01171875 0.06171875
2 0.69140625 0.3625 0.01171875 0.06015625
2 0.7140625 0.38203125 0.01484375 0.06328125
2 0.7171875 0.3390625 0.01328125 0.04453125
2 0.6890625 0.2984375 0.0140625 0.046875
2 0.69609375 0.3171875 0.01328125 0.0640625
2 0.6703125 0.2875 0.01328125 0.05859375
2 0.671875 0.240625 0.0140625 0.02109375
2 0.65 0.30078125 0.01171875 0.06015625
2 0.6421875 0.2859375 0.01328125 0.065625
2 0.65078125 0.23515625 0.0140625 0.0296875
2 0.6546875 0.25859375 0.01015625 0.0359375
2 0.13203125 0.3859375 0.01171875 0.034375
2 0.2046875 0.42578125 0.01015625 0.06015625
2 0.175 0.6890625 0.01015625 0.07578125
2 0.18046875 0.57578125 0.01171875 0.06953125
2 0.19609375 0.5625 0.01328125 0.06796875
2 0.2078125 0.5875 0.0078125 0.07109375
2 0.20390625 0.634375 0.01328125 0.06796875
2 0.35 0.809375 0.0078125 0.046875
2 0.371875 0.82421875 0.0109375 0.07890625
2 0.33984375 0.6921875 0.0109375 0.0734375
2 0.32265625 0.7296875 0.0109375 0.05390625
2 0.3515625 0.7484375 0.01484375 0.078125
2 0.3390625 0.75546875 0.0140625 0.059375
2 0.309375 0.62890625 0.0140625 0.0640625
2 0.28984375 0.61796875 0.0125 0.07421875
2 0.30234375 0.69296875 0.01328125 0.07578125
2 0.28046875 0.6359375 0.01484375 0.06328125
2 0.2359375 0.75859375 0.01171875 0.04921875
2 0.2984375 0.7390625 0.01171875 0.034375
2 0.26328125 0.63125 0.01015625 0.06796875
2 0.24296875 0.63671875 0.0125 0.071875
2 0.25703125 0.70390625 0.01328125 0.0734375
2 0.22578125 0.71015625 0.01953125 0.06328125
2 0.27734375 0.75546875 0.0125 0.03359375
2 0.215625 0.5390625 0.0109375 0.059375
2 0.21328125 0.503125 0.01171875 0.05078125
2 0.28671875 0.71484375 0.01171875 0.06484375
2 0.2453125 0.53125 0.01484375 0.06328125
2 0.23125 0.50703125 0.0078125 0.05703125
2 0.23359375 0.54453125 0.01171875 0.05625
2 0.2375 0.56328125 0.0109375 0.0609375
2 0.2421875 0.56875 0.01171875 0.05625
2 0.25390625 0.6 0.01171875 0.0609375
2 0.428125 0.959375 0.01484375 0.0484375
2 0.43046875 0.94296875 0.01484375 0.05078125
2 0.390625 0.81328125 0.0140625 0.0765625
2 0.40859375 0.81796875 0.01171875 0.03984375
2 0.42421875 0.85 0.0140625 0.0484375
2 0.40859375 0.86640625 0.015625 0.05390625
2 0.43359375 0.88359375 0.0109375 0.0546875
2 0.446875 0.9140625 0.01328125 0.06796875
2 0.44609375 0.94921875 0.01171875 0.08125
2 0.45546875 0.95546875 0.01015625 0.0703125
2 0.46328125 0.96484375 0.01484375 0.0703125
0 0.509375 0.840625 0.196875 0.31875
2 0.2125 0.44609375 0.0109375 0.065625