0 0.96015625 0.3578125 0.0796875 0.0953125
1 0.4 0.69921875 0.11875 0.24375
1 0.50234375 0.1234375 0.08125 0.1328125
1 0.271875 0.39375 0.08671875 0.20078125
2 0.434375 0.60546875 0.01953125 0.07421875
2 0.015625 0.89140625 0.01640625 0.07421875
2 0.0296875 0.34453125 0.009375 0.06171875
2 0.053125 0.35078125 0.01484375 0.05546875
2 0.18046875 0.39140625 0.0125 0.0578125
2 0.14765625 0.38515625 0.0125 0.03203125
2 0.2078125 0.8109375 0.015625 0.06796875
2 0.440625 0.98125 0.01015625 0.034375
2 0.415625 0.92265625 0.01171875 0.05703125
2 0.3703125 0.85859375 0.0171875 0.075
2 0.31875 0.7109375 0.015625 0.0625
2 0.2796875 0.74453125 0.0140625 0.03359375
2 0.2984375 0.7375 0.0171875 0.04296875
2 0.390625 0.86015625 0.015625 0.06328125
2 0.26171875 0.66875 0.0140625 0.06796875
2 0.196875 0.59921875 0.0171875 0.06796875
2 0.22109375 0.5640625 0.01640625 0.06328125
2 0.2140625 0.628125 0.0140625 0.0703125
2 0.9046875 0.66640625 0.01328125 0.06171875
2 0.8859375 0.578125 0.00703125 0.06171875
2 0.25859375 0.49453125 0.01328125 0.053125
2 0.8203125 0.24765625 0.0078125 0.053125
2 0.9078125 0.5265625 0.01484375 0.0671875
2 0.8984375 0.525 0.009375 0.07265625
2 0.9359375 0.23515625 0.0140625 0.0546875
2 0.815625 0.51015625 0.0140625 0.06796875
2 0.7984375 0.503125 0.0140625 0.06953125
2 0.21015625 0.43203125 0.01171875 0.06484375
2 0.2453125 0.48984375 0.009375 0.06328125
2 0.2390625 0.46484375 0.01328125 0.065625
2 0.2265625 0.4453125 0.0125 0.05546875
2 0.22578125 0.42109375 0.0078125 0.04140625
2 0.22109375 0.4140625 0.009375 0.05703125
2 0.2359375 0.4078125 0.01328125 0.0359375
2 0.97890625 0.92265625 0.02265625 0.0625
2 0.90078125 0.10859375 0.009375 0.04609375
2 0.88046875 0.12109375 0.01328125 0.0546875
2 0.8109375 0.0859375 0.0078125 0.0484375
2 0.565625 0.59765625 0.01953125 0.065625
2 0.8875 0.0328125 0.0140625 0.04296875
2 0.86328125 0.08125 0.0125 0.05234375
2 0.83203125 0.06328125 0.0109375 0.05
2 0.853125 0.03046875 0.01015625 0.04609375
2 0.7765625 0.040625 0.01328125 0.04140625
2 0.7765625 0.1171875 0.01015625 0.06171875
2 0.7875 0.12109375 0.0109375 0.04765625
2 0.78203125 0.08359375 0.0125 0.03203125
2 0.73046875 0.0859375 0.00703125 0.04609375
2 0.7453125 0.07109375 0.01015625 0.04609375
2 0.74140625 0.0484375 0.009375 0.05
2 0.59375 0.03984375 0.01015625 0.04453125
2 0.725 0.01640625 0.01484375 0.0328125
2 0.5546875 0.05390625 0.0125 0.05234375
2 0.5421875 0.02265625 0.009375 0.04140625
2 0.51875 0.01796875 0.00859375 0.0359375
2 0.55078125 0.1140625 0.0109375 0.0515625
2 0.5625 0.11171875 0.01015625 0.04140625
2 0.57265625 0.09921875 0.00703125 0.05
2 0.809375 0.38984375 0.01484375 0.04765625
2 0.76953125 0.44375 0.01484375 0.06171875
2 0.80078125 0.4421875 0.009375 0.06171875
2 0.575 0.17890625 0.01171875 0.0453125
2 0.58984375 0.1515625 0.00703125 0.05078125
2 0.59375 0.16875 0.01015625 0.053125
2 0.603125 0.17109375 0.01015625 0.034375
2 0.6 0.21796875 0.01015625 0.0390625
2 0.6078125 0.19140625 0.0109375 0.053125
2 0.6203125 0.2015625 0.01015625 0.0515625
2 0.63125 0.29453125 0.0109375 0.05703125
2 0.6390625 0.19765625 0.00859375 0.03125
2 0.62578125 0.26171875 0.009375 0.0578125
2 0.640625 0.28203125 0.009375 0.05546875
2 0.6453125 0.25625 0.0078125 0.053125
2 0.65390625 0.26875 0.0125 0.06015625
2 0.8046875 0.35859375 0.01875 0.0484375
2 0.79453125 0.325 0.0109375 0.0609375
2 0.7859375 0.3359375 0.009375 0.0578125
2 0.765625 0.3984375 0.01171875 0.0515625
2 0.7546875 0.3921875 0.01171875 0.065625
2 0.74375 0.43203125 0.01875 0.05546875
2 0.73359375 0.36328125 0.01171875 0.06171875
2 0.71484375 0.38671875 0.0140625 0.06328125
2 0.71796875 0.3328125 0.01328125 0.03203125
2 0.7546875 0.34453125 0.009375 0.025
2 0.7015625 0.3125 0.0140625 0.05625
2 0.69296875 0.35859375 0.00859375 0.05390625
2 0.68359375 0.3328125 0.01015625 0.05625
2 0.6890625 0.31328125 0.01328125 0.05390625
2 0.66953125 0.3140625 0.009375 0.05859375
2 0.6640625 0.29453125 0.00859375 0.05625
2 0.671875 0.2703125 0.00859375 0.0421875
2 0.68984375 0.2640625 0.01015625 0.0390625
2 0.73203125 0.225 0.0078125 0.02421875
2 0.665625 0.15 0.009375 0.021875
2 0.71796875 0.2296875 0.009375 0.02421875
2 0.6703125 0.24453125 0.0109375 0.02421875
2 0.1140625 0.096875 0.0109375 0.05078125
2 0.10859375 0.05859375 0.009375 0.03515625
2 0.75078125 0.01796875 0.01171875 0.03359375