2 0.8265625 0.66875 0.01015625 0.0421875
2 0.771875 0.67734375 0.0140625 0.0453125
2 0.75703125 0.521875 0.0078125 0.03203125
2 0.703125 0.534375 0.00859375 0.0390625
2 0.73046875 0.65390625 0.0109375 0.046875
2 0.7328125 0.6375 0.01171875 0.05078125
2 0.72109375 0.634375 0.00859375 0.05390625
2 0.71875 0.64765625 0.00859375 0.05
2 0.70703125 0.64140625 0.00859375 0.04453125
2 0.696875 0.62890625 0.009375 0.0484375
2 0.67890625 0.6078125 0.009375 0.046875
2 0.65859375 0.5984375 0.00859375 0.04609375
2 0.61796875 0.55078125 0.01015625 0.0375
2 0.78125 0.49140625 0.00859375 0.0375
2 0.60703125 0.54140625 0.0078125 0.034375
2 0.59296875 0.55625 0.009375 0.03125
2 0.71953125 0.44140625 0.00859375 0.034375
2 0.703125 0.43671875 0.00703125 0.0296875
2 0.72734375 0.43515625 0.00703125 0.03515625
2 0.56484375 0.32578125 0.0078125 0.0296875
2 0.5140625 0.50859375 0.0109375 0.03515625
2 0.47734375 0.490625 0.0078125 0.03359375
2 0.48046875 0.4546875 0.00859375 0.02890625
2 0.48359375 0.44609375 0.01015625 0.03125
2 0.44296875 0.50390625 0.0078125 0.03671875
2 0.43046875 0.48671875 0.00625 0.0375
2 0.41875 0.45 0.00859375 0.03359375
2 0.52734375 0.36640625 0.00703125 0.01953125
0 0.58359375 0.61171875 0.15078125 0.1328125
0 0.40625 0.26015625 0.07265625 0.065625
2 0.36328125 0.26953125 0.00546875 0.02421875
2 0.35546875 0.26875 0.00546875 0.0234375
2 0.45703125 0.23203125 0.00390625 0.02265625
2 0.44609375 0.17890625 0.00546875 0.0171875
2 0.45 0.2328125 0.00390625 0.0265625
2 0.47265625 0.22421875 0.00546875 0.01953125
2 0.44375 0.24140625 0.00546875 0.021875
2 0.48125 0.22265625 0.00546875 0.01796875
2 0.36875 0.28125 0.0046875 0.02578125
2 0.490625 0.21328125 0.00546875 0.02421875
2 0.57890625 0.18046875 0.00546875 0.02265625
2 0.59609375 0.16796875 0.00625 0.01953125
0 0.53125 0.20390625 0.06640625 0.0546875
2 0.43671875 0.2 0.00546875 0.01796875
2 0.1453125 0.925 0.0203125 0.053125
2 0.1625 0.97109375 0.01015625 0.040625
2 0.15625 0.9796875 0.01640625 0.040625
2 0.115625 0.6875 0.01328125 0.0515625