1 0.5625 0.6171875 0.0796875 0.1078125
2 0.9828125 0.65 0.01484375 0.04609375
2 0.96640625 0.64765625 0.015625 0.04765625
2 0.79453125 0.6828125 0.01171875 0.03828125
2 0.74375 0.64296875 0.01171875 0.0453125
2 0.75859375 0.61796875 0.01328125 0.04375
2 0.71796875 0.6421875 0.0109375 0.0375
2 0.7234375 0.62578125 0.009375 0.04609375
2 0.70390625 0.6234375 0.0109375 0.04921875
2 0.70546875 0.5890625 0.0078125 0.0484375
2 0.6953125 0.5890625 0.01015625 0.03984375
2 0.6875 0.621875 0.01484375 0.0578125
2 0.6640625 0.59375 0.01484375 0.04140625
2 0.78984375 0.4703125 0.009375 0.03515625
2 0.7421875 0.446875 0.01015625 0.0390625
2 0.734375 0.4484375 0.0125 0.0296875
2 0.64609375 0.46328125 0.01171875 0.03359375
2 0.6015625 0.38046875 0.00859375 0.01796875
2 0.54453125 0.41953125 0.0109375 0.0375
2 0.5609375 0.34453125 0.00546875 0.02734375
2 0.509375 0.35546875 0.00703125 0.0265625
2 0.534375 0.4984375 0.01171875 0.0359375
2 0.58671875 0.50234375 0.0109375 0.0359375
2 0.57265625 0.4875 0.0078125 0.03515625
2 0.51953125 0.50234375 0.009375 0.03203125
2 0.509375 0.490625 0.00859375 0.0359375
2 0.4609375 0.45234375 0.009375 0.0375
2 0.44921875 0.46171875 0.0109375 0.0328125
2 0.4375 0.46328125 0.009375 0.03125
2 0.42890625 0.503125 0.01015625 0.04765625
2 0.425 0.57421875 0.0109375 0.0453125
2 0.3609375 0.5171875 0.00703125 0.03046875
2 0.3640625 0.571875 0.01328125 0.04375
2 0.340625 0.54296875 0.00859375 0.03515625
2 0.134375 0.6640625 0.01171875 0.0484375
2 0.25625 0.5984375 0.01171875 0.03984375
2 0.2625 0.5828125 0.009375 0.03984375
2 0.2828125 0.5609375 0.0140625 0.0421875
2 0.29296875 0.57734375 0.0078125 0.0375
2 0.3109375 0.553125 0.01171875 0.03515625
2 0.33125 0.55546875 0.0078125 0.03671875
2 0.3234375 0.55078125 0.0078125 0.05
0 0.39921875 0.35078125 0.09453125 0.08359375
0 0.52890625 0.2125 0.065625 0.0484375
0 0.46484375 0.24140625 0.07109375 0.05859375
2 0.5921875 0.175 0.00703125 0.01953125
2 0.359375 0.28203125 0.00859375 0.02265625
2 0.37890625 0.2375 0.003125 0.0171875
2 0.37421875 0.240625 0.0046875 0.01796875
2 0.371875 0.2390625 0.00703125 0.02109375
2 0.45 0.19140625 0.00625 0.021875
2 0.39453125 0.2046875 0.00625 0.02109375
2 0.60546875 0.16796875 0.00546875 0.021875
2 0.14765625 0.95703125 0.0171875 0.0546875