0 0.76171875 0.096875 0.0734375 0.13671875
0 0.72265625 0.3734375 0.09375 0.2046875
0 0.48828125 0.8578125 0.1859375 0.284375
2 0.58828125 0.87890625 0.02109375 0.07421875
2 0.6078125 0.84140625 0.01640625 0.08515625
2 0.63515625 0.84765625 0.01796875 0.06015625
2 0.69375 0.709375 0.0203125 0.1
2 0.74140625 0.66015625 0.0171875 0.0734375
2 0.79375 0.5703125 0.0140625 0.07109375
2 0.784375 0.51171875 0.01484375 0.0625
2 0.82109375 0.36015625 0.01875 0.06875
1 0.83984375 0.07734375 0.05 0.0859375
2 0.053125 0.12265625 0.01328125 0.05703125
2 0.04375 0.23125 0.0140625 0.05390625
2 0.0671875 0.2 0.01484375 0.05
2 0.0890625 0.2875 0.0109375 0.04453125
2 0.1828125 0.096875 0.0171875 0.0578125
2 0.08671875 0.0765625 0.01640625 0.05234375
2 0.1 0.0453125 0.0109375 0.05
2 0.18515625 0.021875 0.00703125 0.040625
2 0.30546875 0.034375 0.0125 0.05
2 0.3234375 0.021875 0.00703125 0.04375
2 0.15078125 0.58125 0.01640625 0.06796875
2 0.1890625 0.48046875 0.01875 0.06953125
2 0.23046875 0.43203125 0.0171875 0.0609375
2 0.24609375 0.39296875 0.015625 0.07109375
2 0.196875 0.3875 0.0171875 0.0640625
2 0.18671875 0.371875 0.0140625 0.0671875
2 0.16015625 0.3609375 0.01171875 0.0421875
2 0.2078125 0.3671875 0.0125 0.0484375
2 0.2171875 0.3375 0.009375 0.0515625
2 0.2640625 0.36640625 0.01015625 0.06640625
2 0.275 0.35859375 0.0109375 0.0609375
2 0.28828125 0.36640625 0.01171875 0.0578125
2 0.27265625 0.3140625 0.00859375 0.0328125
2 0.16953125 0.365625 0.01328125 0.0453125
2 0.2953125 0.32734375 0.0109375 0.05234375
2 0.30546875 0.30390625 0.0140625 0.0609375
2 0.3296875 0.31953125 0.01015625 0.07109375
2 0.26953125 0.08984375 0.0125 0.040625
2 0.4484375 0.06875 0.0109375 0.04921875
2 0.4375 0.065625 0.009375 0.05
2 0.4140625 0.14765625 0.01171875 0.05390625
2 0.43671875 0.16015625 0.01171875 0.05703125
2 0.39765625 0.17734375 0.00859375 0.0453125
2 0.384375 0.20078125 0.01015625 0.06015625
2 0.33515625 0.1484375 0.0109375 0.03671875
2 0.4109375 0.20625 0.0109375 0.0640625
2 0.39375 0.23359375 0.0140625 0.0546875
2 0.365625 0.23046875 0.0109375 0.05
2 0.37578125 0.25703125 0.01171875 0.05859375
2 0.35390625 0.28515625 0.01171875 0.0578125
2 0.3328125 0.290625 0.01328125 0.05625
2 0.32109375 0.265625 0.01015625 0.05859375
2 0.309375 0.26875 0.01015625 0.06015625
2 0.3375 0.23046875 0.00859375 0.0296875
2 0.32890625 0.25 0.009375 0.0375
2 0.35 0.234375 0.0078125 0.053125
2 0.36015625 0.175 0.00703125 0.053125
0 0.246875 0.21328125 0.16171875 0.27265625
0 0.08203125 0.43359375 0.1640625 0.3296875