1 0.4375 0.6171875 0.0796875 0.1078125
2 0.0171875 0.65 0.01484375 0.04609375
2 0.03359375 0.64765625 0.015625 0.04765625
2 0.20546875 0.6828125 0.01171875 0.03828125
2 0.25625 0.64296875 0.01171875 0.0453125
2 0.24140625 0.61796875 0.01328125 0.04375
2 0.28203125 0.6421875 0.0109375 0.0375
2 0.2765625 0.62578125 0.009375 0.04609375
2 0.29609375 0.6234375 0.0109375 0.04921875
2 0.29453125 0.5890625 0.0078125 0.0484375
2 0.3046875 0.5890625 0.01015625 0.03984375
2 0.3125 0.621875 0.01484375 0.0578125
2 0.3359375 0.59375 0.01484375 0.04140625
2 0.21015625 0.4703125 0.009375 0.03515625
2 0.2578125 0.446875 0.01015625 0.0390625
2 0.265625 0.4484375 0.0125 0.0296875
2 0.35390625 0.46328125 0.01171875 0.03359375
2 0.3984375 0.38046875 0.00859375 0.01796875
2 0.45546875 0.41953125 0.0109375 0.0375
2 0.4390625 0.34453125 0.00546875 0.02734375
2 0.490625 0.35546875 0.00703125 0.0265625
2 0.465625 0.4984375 0.01171875 0.0359375
2 0.41328125 0.50234375 0.0109375 0.0359375
2 0.42734375 0.4875 0.0078125 0.03515625
2 0.48046875 0.50234375 0.009375 0.03203125
2 0.490625 0.490625 0.00859375 0.0359375
2 0.5390625 0.45234375 0.009375 0.0375
2 0.55078125 0.46171875 0.0109375 0.0328125
2 0.5625 0.46328125 0.009375 0.03125
2 0.57109375 0.503125 0.01015625 0.04765625
2 0.575 0.57421875 0.0109375 0.0453125
2 0.6390625 0.5171875 0.00703125 0.03046875
2 0.6359375 0.571875 0.01328125 0.04375
2 0.659375 0.54296875 0.00859375 0.03515625
2 0.865625 0.6640625 0.01171875 0.0484375
2 0.74375 0.5984375 0.01171875 0.03984375
2 0.7375 0.5828125 0.009375 0.03984375
2 0.7171875 0.5609375 0.0140625 0.0421875
2 0.70703125 0.57734375 0.0078125 0.0375
2 0.6890625 0.553125 0.01171875 0.03515625
2 0.66875 0.55546875 0.0078125 0.03671875
2 0.6765625 0.55078125 0.0078125 0.05
0 0.60078125 0.35078125 0.09453125 0.08359375
0 0.47109375 0.2125 0.065625 0.0484375
0 0.53515625 0.24140625 0.07109375 0.05859375
2 0.4078125 0.175 0.00703125 0.01953125
2 0.640625 0.28203125 0.00859375 0.02265625
2 0.62109375 0.2375 0.003125 0.0171875
2 0.62578125 0.240625 0.0046875 0.01796875
2 0.628125 0.2390625 0.00703125 0.02109375
2 0.55 0.19140625 0.00625 0.021875
2 0.60546875 0.2046875 0.00625 0.02109375
2 0.39453125 0.16796875 0.00546875 0.021875
2 0.85234375 0.95703125 0.0171875 0.0546875