1 0.2921875 0.52265625 0.0984375 0.19609375
1 0.8375 0.62890625 0.121875 0.20546875
0 0.515625 0.878125 0.1734375 0.24375
0 0.7234375 0.1625 0.14609375 0.2203125
2 0.01484375 0.6265625 0.01015625 0.0390625
2 0.03203125 0.65 0.0171875 0.06953125
2 0.04375 0.83828125 0.01015625 0.06953125
2 0.23046875 0.6984375 0.01640625 0.07421875
2 0.275 0.7 0.01640625 0.07109375
2 0.240625 0.6609375 0.01015625 0.07109375
2 0.26484375 0.665625 0.01484375 0.0734375
2 0.24296875 0.6984375 0.01328125 0.06640625
2 0.2265625 0.54765625 0.0109375 0.0625
2 0.221875 0.52109375 0.01015625 0.0578125
2 0.2 0.3984375 0.01015625 0.040625
2 0.2078125 0.45 0.01171875 0.06328125
2 0.21328125 0.4625 0.009375 0.05859375
2 0.2203125 0.48203125 0.01171875 0.0484375
2 0.22265625 0.490625 0.01328125 0.0375
2 0.9265625 0.37890625 0.0140625 0.0609375
2 0.8859375 0.30625 0.0125 0.0578125
2 0.9359375 0.35390625 0.01015625 0.05390625
2 0.8296875 0.2796875 0.01015625 0.0484375
2 0.80546875 0.35 0.0125 0.05625
2 0.78984375 0.328125 0.0125 0.0546875
2 0.7546875 0.353125 0.01015625 0.04609375
2 0.9796875 0.16953125 0.01015625 0.04453125
2 0.99296875 0.08671875 0.0125 0.040625
2 0.96796875 0.153125 0.0078125 0.0421875
2 0.95703125 0.13671875 0.01015625 0.046875
2 0.9796875 0.146875 0.0109375 0.03125
2 0.93984375 0.1296875 0.0125 0.0421875
2 0.94375 0.0953125 0.0078125 0.034375
2 0.92421875 0.1109375 0.01015625 0.05
2 0.909375 0.0484375 0.009375 0.040625
2 0.89296875 0.075 0.00859375 0.04609375
2 0.81171875 0.03515625 0.01171875 0.040625
2 0.8484375 0.053125 0.01171875 0.0328125
2 0.8453125 0.0765625 0.0109375 0.05078125
2 0.73046875 0.059375 0.0125 0.0375
2 0.7390625 0.04609375 0.0125 0.046875
2 0.903125 0.25078125 0.0125 0.04765625
2 0.86796875 0.2328125 0.01171875 0.05390625
2 0.89296875 0.2328125 0.01171875 0.05390625
2 0.69375 0.02578125 0.009375 0.0515625
2 0.684375 0.02421875 0.0078125 0.04609375
2 0.59609375 0.07734375 0.009375 0.04453125
2 0.54296875 0.04296875 0.01171875 0.0515625
2 0.521875 0.08359375 0.01171875 0.0484375
2 0.53125 0.1234375 0.009375 0.046875
2 0.55078125 0.1203125 0.009375 0.05
2 0.55859375 0.13671875 0.01015625 0.0546875
2 0.57265625 0.1171875 0.01015625 0.0421875
2 0.5859375 0.13203125 0.0109375 0.034375
2 0.6125 0.2515625 0.01328125 0.05
2 0.62109375 0.265625 0.0078125 0.046875
2 0.6328125 0.2671875 0.0140625 0.05234375
2 0.65078125 0.3015625 0.0109375 0.04453125
2 0.6421875 0.28984375 0.01015625 0.05546875
2 0.73671875 0.33359375 0.01015625 0.04296875
2 0.759375 0.40546875 0.00859375 0.06015625
2 0.75234375 0.4125 0.01484375 0.06484375
2 0.715625 0.34453125 0.009375 0.0546875
2 0.6734375 0.33515625 0.0109375 0.06015625
2 0.70859375 0.31484375 0.0078125 0.05390625
2 0.67421875 0.309375 0.009375 0.04765625
2 0.6953125 0.26484375 0.01015625 0.05078125
2 0.69609375 0.30625 0.01328125 0.0578125
2 0.69609375 0.32734375 0.00703125 0.0484375
2 0.6703125 0.2515625 0.01015625 0.05390625
2 0.59453125 0.16640625 0.01015625 0.05078125
2 0.73671875 0.41015625 0.0125 0.0546875
2 0.90234375 0.5265625 0.01640625 0.06875
2 0.98984375 0.70625 0.01875 0.0421875
2 0.9578125 0.67578125 0.009375 0.0625
2 0.94375 0.678125 0.015625 0.05859375