1 0.29453125 0.69375 0.08984375 0.1125
0 0.61171875 0.50546875 0.10078125 0.10078125
0 0.44765625 0.203125 0.0640625 0.0546875
2 0.453125 0.40859375 0.0078125 0.0328125
2 0.55 0.49375 0.00859375 0.03515625
2 0.5640625 0.4890625 0.0078125 0.03359375
2 0.54609375 0.44921875 0.0078125 0.02578125
2 0.54140625 0.46796875 0.0078125 0.03359375
2 0.51796875 0.48125 0.0109375 0.03515625
2 0.5265625 0.49453125 0.0109375 0.02890625
2 0.48671875 0.5109375 0.01015625 0.0296875
2 0.47734375 0.51171875 0.0078125 0.0375
2 0.38671875 0.5609375 0.01171875 0.04375
2 0.36796875 0.39765625 0.00703125 0.0265625
2 0.35703125 0.4 0.00703125 0.015625
2 0.3375 0.4125 0.00859375 0.02421875
2 0.2234375 0.46953125 0.0078125 0.03125
2 0.2296875 0.51328125 0.00546875 0.03203125
2 0.26015625 0.51640625 0.00703125 0.04296875
2 0.253125 0.5296875 0.009375 0.0296875
2 0.2640625 0.6 0.00625 0.04296875
2 0.2140625 0.628125 0.009375 0.0453125
2 0.28671875 0.6203125 0.009375 0.04375
2 0.34921875 0.6265625 0.009375 0.04296875
0 0.39296875 0.640625 0.09921875 0.11640625
2 0.3078125 0.58515625 0.009375 0.0390625
2 0.2546875 0.64453125 0.00859375 0.04375
2 0.26484375 0.64375 0.009375 0.0484375
2 0.23046875 0.69609375 0.01171875 0.0546875
2 0.2328125 0.6765625 0.009375 0.06171875
2 0.2953125 0.634375 0.009375 0.025
2 0.30703125 0.62421875 0.00859375 0.02265625
2 0.31484375 0.61171875 0.0078125 0.034375
2 0.3234375 0.58984375 0.00859375 0.04375
2 0.3203125 0.60859375 0.00859375 0.0359375
2 0.10625 0.70546875 0.00703125 0.0546875
2 0.115625 0.71875 0.00859375 0.0296875
2 0.4046875 0.1765625 0.0046875 0.01875
2 0.51171875 0.21953125 0.0078125 0.02421875
2 0.5203125 0.22265625 0.00390625 0.021875
2 0.596875 0.3 0.00546875 0.0234375
2 0.5734375 0.27265625 0.0046875 0.0234375
2 0.578125 0.271875 0.00390625 0.0203125
2 0.55234375 0.18203125 0.003125 0.0171875
2 0.40078125 0.1640625 0.00546875 0.01328125
2 0.54375 0.23125 0.00625 0.02109375
2 0.6328125 0.25234375 0.00390625 0.015625
2 0.5578125 0.22578125 0.00390625 0.01796875
2 0.553125 0.23359375 0.00390625 0.0171875
2 0.5578125 0.24296875 0.0046875 0.0203125
2 0.56171875 0.2359375 0.0046875 0.01953125
2 0.5484375 0.23515625 0.00625 0.01875
2 0.571875 0.2484375 0.00546875 0.02265625
2 0.58046875 0.24140625 0.00625 0.02109375
2 0.59609375 0.25859375 0.0046875 0.02421875
2 0.6015625 0.265625 0.00546875 0.021875
2 0.48125 0.20234375 0.00625 0.02109375
2 0.60859375 0.26875 0.00625 0.0265625
2 0.61328125 0.284375 0.00625 0.02421875
2 0.61484375 0.2625 0.00625 0.01875
2 0.6203125 0.290625 0.0078125 0.0265625
2 0.63203125 0.2921875 0.00390625 0.025
2 0.62265625 0.27265625 0.00703125 0.0140625
2 0.63515625 0.265625 0.00625 0.0265625