1 0.38125 0.6890625 0.11796875 0.2328125
1 0.73359375 0.46484375 0.1140625 0.19765625
2 0.39765625 0.978125 0.0171875 0.04375
2 0.3671875 0.8421875 0.021875 0.075
2 0.28125 0.72890625 0.0140625 0.0765625
2 0.23828125 0.67734375 0.01171875 0.0703125
2 0.2328125 0.51640625 0.0140625 0.0671875
2 0.18203125 0.4203125 0.0109375 0.04609375
2 0.1765625 0.525 0.0109375 0.05703125
2 0.2125 0.44296875 0.01328125 0.059375
2 0.73125 0.753125 0.009375 0.07265625
2 0.93125 0.69921875 0.0140625 0.0671875
2 0.91015625 0.51328125 0.0140625 0.06796875
2 0.77890625 0.3953125 0.0125 0.0546875
2 0.80703125 0.371875 0.01875 0.05703125
2 0.91953125 0.0453125 0.0140625 0.04140625
2 0.728125 0.0703125 0.009375 0.05703125
2 0.5875 0.1875 0.01328125 0.053125
2 0.62890625 0.20859375 0.0109375 0.0546875
2 0.66015625 0.14921875 0.00703125 0.02578125
2 0.7046875 0.3109375 0.01484375 0.04296875
2 0.6875 0.3484375 0.0109375 0.0484375
2 0.6453125 0.26953125 0.0109375 0.05546875
2 0.62890625 0.253125 0.0109375 0.0578125
2 0.63828125 0.24140625 0.009375 0.0453125
2 0.6453125 0.234375 0.009375 0.040625
2 0.6625 0.23046875 0.00703125 0.05078125
2 0.671875 0.24453125 0.01171875 0.04609375
2 0.67890625 0.271875 0.009375 0.0578125