1 0.70625 0.525 0.103125 0.20703125
1 0.52109375 0.10859375 0.0640625 0.1375
1 0.33125 0.3671875 0.11171875 0.209375
1 0.20703125 0.590625 0.1078125 0.20703125
0 0.47421875 0.88046875 0.16953125 0.23828125
0 0.26484375 0.184375 0.1609375 0.2421875
2 0.04765625 0.12421875 0.0140625 0.04609375
2 0.184375 0.0734375 0.01015625 0.046875
2 0.16171875 0.0796875 0.01328125 0.04609375
2 0.084375 0.10703125 0.0078125 0.04140625
2 0.0890625 0.10859375 0.0109375 0.0421875
2 0.08984375 0.1765625 0.01015625 0.0453125
2 0.08984375 0.22890625 0.0109375 0.05234375
2 0.065625 0.34453125 0.0109375 0.05859375
2 0.103125 0.2578125 0.01328125 0.05234375
2 0.11640625 0.28984375 0.0125 0.05
2 0.121875 0.37109375 0.0125 0.05078125
2 0.028125 0.61796875 0.00703125 0.05234375
2 0.05078125 0.65703125 0.015625 0.06484375
2 0.0890625 0.55078125 0.0125 0.05546875
2 0.1109375 0.596875 0.01953125 0.06640625
2 0.18828125 0.35234375 0.0078125 0.06484375
2 0.2109375 0.3265625 0.0078125 0.0515625
2 0.19765625 0.43515625 0.0125 0.053125
2 0.20625 0.41796875 0.0078125 0.06015625
2 0.08359375 0.48125 0.01171875 0.0578125
2 0.0890625 0.50390625 0.0078125 0.040625
2 0.19921875 0.4796875 0.0125 0.0484375
2 0.22890625 0.4546875 0.0109375 0.0515625
2 0.209375 0.3875 0.01171875 0.06015625
2 0.22421875 0.421875 0.009375 0.0453125
2 0.24140625 0.346875 0.0078125 0.05234375
2 0.24765625 0.4015625 0.009375 0.0546875
2 0.25546875 0.38125 0.0109375 0.0609375
2 0.43359375 0.04140625 0.00703125 0.04375
2 0.4546875 0.121875 0.009375 0.05
2 0.47265625 0.03203125 0.0109375 0.04765625
2 0.471875 0.0828125 0.009375 0.04609375
2 0.41953125 0.0984375 0.009375 0.0359375
2 0.43984375 0.078125 0.00859375 0.04375
2 0.4328125 0.12578125 0.00703125 0.040625
2 0.41484375 0.1625 0.00859375 0.046875
2 0.425 0.146875 0.01171875 0.053125
2 0.39375 0.19765625 0.0078125 0.06015625
2 0.36015625 0.253125 0.009375 0.040625
2 0.32578125 0.265625 0.00625 0.0453125
2 0.29609375 0.30703125 0.009375 0.0484375
2 0.3421875 0.240625 0.01015625 0.05390625
2 0.14453125 0.36484375 0.01015625 0.02890625
2 0.58125 0.7609375 0.01328125 0.07578125
2 0.96484375 0.86328125 0.0125 0.0859375
2 0.7125 0.734375 0.009375 0.05390625
2 0.7203125 0.76640625 0.003125 0.0078125
2 0.54609375 0.7625 0.01484375 0.03984375
2 0.70234375 0.72109375 0.0109375 0.07265625
2 0.7328125 0.69609375 0.01015625 0.0640625
2 0.746875 0.6421875 0.009375 0.06171875
2 0.74921875 0.628125 0.0078125 0.05703125
2 0.9109375 0.74609375 0.0078125 0.06171875
2 0.921875 0.74921875 0.01015625 0.065625
2 0.9390625 0.79296875 0.01015625 0.07109375
2 0.95078125 0.79609375 0.0078125 0.07421875
2 0.78515625 0.62734375 0.01015625 0.07265625
2 0.7984375 0.4046875 0.00859375 0.04765625
2 0.79609375 0.42265625 0.0109375 0.04453125
2 0.7875 0.45546875 0.009375 0.05625
2 0.78203125 0.48046875 0.0046875 0.05703125
2 0.7765625 0.5078125 0.01015625 0.05625
2 0.7703125 0.5328125 0.0109375 0.0609375
2 0.7640625 0.584375 0.00859375 0.05703125