2 0.7890625 0.17109375 0.003125 0.015625
2 0.7765625 0.15078125 0.00546875 0.02421875
2 0.78203125 0.1484375 0.00546875 0.02578125
2 0.82734375 0.39140625 0.00625 0.0265625
2 0.82109375 0.390625 0.00546875 0.02734375
2 0.94140625 0.37890625 0.00859375 0.03125
2 0.95078125 0.5234375 0.0078125 0.02890625
2 0.94296875 0.52109375 0.0078125 0.03203125
2 0.9 0.52265625 0.00859375 0.0328125
2 0.8359375 0.46015625 0.00625 0.0203125
2 0.80546875 0.58671875 0.00859375 0.02734375
2 0.8125 0.59453125 0.00859375 0.03359375
2 0.7453125 0.54609375 0.00625 0.03046875
2 0.71328125 0.5328125 0.0078125 0.03359375
2 0.6546875 0.57578125 0.00859375 0.046875
2 0.64296875 0.58046875 0.00703125 0.034375
2 0.628125 0.55546875 0.0078125 0.034375
2 0.61640625 0.5609375 0.0078125 0.03671875
2 0.51953125 0.559375 0.009375 0.03828125
2 0.4984375 0.5859375 0.0078125 0.034375
2 0.48203125 0.6015625 0.00703125 0.0421875
2 0.4828125 0.553125 0.01015625 0.03359375
2 0.4703125 0.54453125 0.00546875 0.02578125
2 0.46484375 0.54765625 0.01015625 0.02890625
2 0.45078125 0.546875 0.00859375 0.03359375
2 0.44296875 0.5734375 0.00625 0.0359375
2 0.42578125 0.60859375 0.00546875 0.0328125
2 0.4109375 0.58046875 0.00625 0.0375
2 0.3890625 0.61015625 0.009375 0.0328125
2 0.3703125 0.62421875 0.00859375 0.040625
2 0.35546875 0.63671875 0.00859375 0.03828125
2 0.33203125 0.54453125 0.00859375 0.03828125
2 0.321875 0.62578125 0.00546875 0.0296875
2 0.3015625 0.6046875 0.0078125 0.0359375
2 0.309375 0.64609375 0.0109375 0.0375
2 0.27109375 0.6546875 0.00703125 0.0375
2 0.24296875 0.65625 0.0078125 0.034375
2 0.24296875 0.6 0.00859375 0.03671875
2 0.2203125 0.6703125 0.0109375 0.03515625
2 0.165625 0.66953125 0.01171875 0.0359375
2 0.18515625 0.675 0.00703125 0.04765625
2 0.08359375 0.68671875 0.00859375 0.03671875
2 0.0453125 0.6390625 0.00859375 0.04140625
2 0.03984375 0.6125 0.00859375 0.02734375
2 0.03203125 0.6109375 0.0078125 0.02421875
2 0.0203125 0.51328125 0.00546875 0.03046875
2 0.0078125 0.5375 0.0078125 0.04453125
2 0.02421875 0.55703125 0.00859375 0.0390625
2 0.0078125 0.5890625 0.01171875 0.04453125
2 0.0046875 0.4453125 0.009375 0.03515625
2 0.04296875 0.40234375 0.009375 0.0296875
2 0.0234375 0.146875 0.00625 0.02265625
2 0.01015625 0.2703125 0.0078125 0.02890625
2 0.278125 0.375 0.0078125 0.04140625
2 0.334375 0.428125 0.00859375 0.02578125
2 0.33984375 0.4234375 0.0109375 0.03046875
2 0.36171875 0.2953125 0.00859375 0.0296875
2 0.3546875 0.29453125 0.00625 0.02578125
2 0.64609375 0.328125 0.0046875 0.0140625
2 0.6640625 0.39375 0.0078125 0.034375