1 0.73046875 0.40078125 0.0859375 0.20546875
1 0.65859375 0.55078125 0.059375 0.221875
0 0.5140625 0.8171875 0.184375 0.359375
2 0.59296875 0.90625 0.0109375 0.06328125
2 0.76953125 0.76640625 0.01796875 0.05390625
2 0.75078125 0.71875 0.0140625 0.06875
2 0.7046875 0.73203125 0.01875 0.046875
2 0.778125 0.5671875 0.0140625 0.0671875
2 0.78984375 0.6640625 0.01640625 0.075
2 0.8546875 0.3859375 0.0078125 0.034375
2 0.81796875 0.4296875 0.0125 0.053125
2 0.98828125 0.24296875 0.01328125 0.0515625
2 0.0875 0.51328125 0.01171875 0.059375
2 0.10703125 0.52109375 0.01171875 0.06484375
2 0.05703125 0.2078125 0.01328125 0.05859375
2 0.0984375 0.11875 0.00859375 0.046875
2 0.11796875 0.3609375 0.01328125 0.0546875
2 0.1078125 0.3609375 0.01484375 0.04296875
2 0.17265625 0.50546875 0.01953125 0.0640625
2 0.19296875 0.4328125 0.01171875 0.0640625
2 0.20625 0.39140625 0.01328125 0.05546875
2 0.1953125 0.36796875 0.0125 0.06796875
2 0.24375 0.35546875 0.0109375 0.0609375
2 0.140625 0.05546875 0.01171875 0.0390625
2 0.19453125 0.0609375 0.0125 0.0484375
2 0.18359375 0.071875 0.01015625 0.04375
2 0.2328125 0.0578125 0.00859375 0.04921875
2 0.2265625 0.04609375 0.00859375 0.04453125
2 0.278125 0.04921875 0.01171875 0.04375
2 0.2765625 0.025 0.00546875 0.04453125
2 0.290625 0.05625 0.01015625 0.0390625
2 0.32734375 0.03203125 0.01015625 0.040625
2 0.31953125 0.0265625 0.00859375 0.0453125
2 0.265625 0.365625 0.01484375 0.0640625
2 0.4875 0.07421875 0.01015625 0.0453125
2 0.43828125 0.08046875 0.009375 0.05390625
2 0.41953125 0.09609375 0.01171875 0.059375
2 0.41484375 0.06640625 0.00703125 0.04609375
2 0.38984375 0.19921875 0.00859375 0.05703125
2 0.39296875 0.18359375 0.009375 0.053125
2 0.3625 0.1921875 0.00703125 0.053125
2 0.3453125 0.2484375 0.01171875 0.0453125
2 0.3328125 0.234375 0.00859375 0.046875
2 0.32890625 0.26875 0.0078125 0.04453125
2 0.3046875 0.2640625 0.01171875 0.0515625
2 0.31640625 0.290625 0.00703125 0.03984375
2 0.30625 0.29921875 0.00859375 0.046875
1 0.334375 0.3515625 0.08671875 0.16015625
0 0.3765625 0.03046875 0.0859375 0.06015625
0 0.265625 0.18359375 0.15546875 0.24140625
2 0.0265625 0.7046875 0.01640625 0.06484375