1 0.159375 0.084375 0.05 0.09453125
2 0.19765625 0.11484375 0.0140625 0.06328125
2 0.03125 0.33046875 0.01328125 0.06484375
2 0.03671875 0.47578125 0.01484375 0.07265625
2 0.015625 0.609375 0.015625 0.06953125
2 0.15546875 0.909375 0.01953125 0.08359375
2 0.21796875 0.3515625 0.0140625 0.06796875
2 0.178125 0.36328125 0.01171875 0.05625
2 0.20234375 0.36171875 0.01171875 0.0515625
2 0.17890625 0.39609375 0.01484375 0.053125
2 0.20234375 0.41015625 0.0125 0.0609375
2 0.1609375 0.58125 0.01171875 0.06640625
2 0.190625 0.53203125 0.01171875 0.0625
2 0.28125 0.5609375 0.0203125 0.06640625
2 0.203125 0.68046875 0.01796875 0.06796875
2 0.23203125 0.6515625 0.01484375 0.078125
2 0.2625 0.67734375 0.0125 0.0765625
2 0.2859375 0.65859375 0.0109375 0.07734375
2 0.30234375 0.71953125 0.0125 0.075
0 0.521875 0.86328125 0.16171875 0.27265625
2 0.434375 0.88515625 0.0171875 0.08828125
2 0.4234375 0.95 0.015625 0.05234375
2 0.384375 0.96171875 0.0171875 0.0703125
2 0.37578125 0.8953125 0.0203125 0.0671875
2 0.3671875 0.84140625 0.0125 0.0609375
2 0.35390625 0.809375 0.0125 0.07578125
2 0.36171875 0.77421875 0.0109375 0.0625
2 0.209375 0.44375 0.009375 0.05703125
2 0.2171875 0.48671875 0.01171875 0.0671875
2 0.25078125 0.559375 0.0125 0.06640625
2 0.2375 0.546875 0.01640625 0.071875
2 0.23125 0.5171875 0.01015625 0.0484375
2 0.2234375 0.4984375 0.00859375 0.059375
2 0.90546875 0.63203125 0.01953125 0.075
2 0.90546875 0.51875 0.01171875 0.065625
2 0.84140625 0.51796875 0.01640625 0.06796875
2 0.96171875 0.29921875 0.0109375 0.05625
2 0.953125 0.18359375 0.0125 0.05703125
2 0.9234375 0.2359375 0.0109375 0.05703125
2 0.9109375 0.22890625 0.01171875 0.059375
2 0.86875 0.1703125 0.0125 0.05
2 0.85859375 0.171875 0.0140625 0.046875
2 0.9609375 0.1078125 0.01640625 0.04921875
2 0.90234375 0.03984375 0.009375 0.0421875
2 0.8609375 0.025 0.01015625 0.04765625
2 0.8 0.1390625 0.01484375 0.0484375
2 0.80078125 0.02265625 0.00859375 0.04453125
2 0.76875 0.0171875 0.00859375 0.0328125
2 0.75703125 0.0578125 0.0140625 0.05234375
2 0.80859375 0.409375 0.01484375 0.0640625
2 0.815625 0.3703125 0.0109375 0.03203125
2 0.7953125 0.4796875 0.0140625 0.06484375
2 0.7796875 0.478125 0.0140625 0.0625
2 0.78515625 0.384375 0.01328125 0.06796875
2 0.78671875 0.34375 0.0125 0.04296875
2 0.753125 0.44453125 0.01796875 0.0625
2 0.75703125 0.3859375 0.009375 0.04921875
2 0.76875 0.3515625 0.009375 0.05
2 0.52890625 0.0140625 0.01015625 0.028125
2 0.58125 0.071875 0.00859375 0.04609375
2 0.5546875 0.0734375 0.0125 0.05390625
2 0.57890625 0.13984375 0.01015625 0.05078125
2 0.59375 0.1796875 0.009375 0.04765625
2 0.734375 0.371875 0.01171875 0.06015625
2 0.72109375 0.35859375 0.01171875 0.05234375
2 0.70859375 0.38515625 0.01484375 0.05390625
2 0.71640625 0.33984375 0.01328125 0.05390625
2 0.68984375 0.3546875 0.01171875 0.0578125
2 0.696875 0.31640625 0.00859375 0.05234375
2 0.6765625 0.32421875 0.0109375 0.05703125
2 0.659375 0.31171875 0.01015625 0.059375
2 0.640625 0.271875 0.009375 0.0578125
2 0.66171875 0.253125 0.0109375 0.0453125
2 0.66484375 0.225 0.0078125 0.03125
2 0.6296875 0.221875 0.00859375 0.05546875
2 0.63671875 0.19765625 0.00703125 0.04140625
2 0.75625 0.25 0.009375 0.0171875
2 0.74609375 0.23671875 0.00625 0.0234375
2 0.73359375 0.22265625 0.0078125 0.03125
2 0.7234375 0.22109375 0.00703125 0.03203125
2 0.715625 0.20390625 0.0046875 0.01015625
2 0.66484375 0.14609375 0.00703125 0.03671875
2 0.65859375 0.1265625 0.00703125 0.01875
2 0.6515625 0.11953125 0.00703125 0.021875
2 0.64453125 0.1125 0.0046875 0.0140625
0 0.91015625 0.4125 0.175 0.30859375