2 0.8453125 0.04140625 0.0125 0.04296875
2 0.74765625 0.08125 0.009375 0.04609375
2 0.6703125 0.01875 0.0078125 0.03671875
2 0.7953125 0.246875 0.01328125 0.05546875
2 0.78828125 0.3203125 0.01171875 0.05078125
2 0.51796875 0.0453125 0.0078125 0.04140625
2 0.5421875 0.059375 0.01015625 0.0546875
2 0.55234375 0.10234375 0.0125 0.040625
2 0.5421875 0.02109375 0.0078125 0.0390625
2 0.58984375 0.1546875 0.009375 0.0453125
2 0.60078125 0.18359375 0.009375 0.05
2 0.990625 0.346875 0.009375 0.04609375
2 0.9859375 0.36953125 0.0125 0.05078125
2 0.90390625 0.309375 0.0140625 0.05546875
2 0.96875 0.584375 0.0140625 0.0625
2 0.8859375 0.575 0.01015625 0.06953125
2 0.8078125 0.478125 0.0140625 0.06484375
2 0.8546875 0.3578125 0.0125 0.03671875
2 0.83046875 0.36796875 0.009375 0.034375
2 0.80546875 0.38984375 0.0109375 0.059375
2 0.76953125 0.409375 0.0140625 0.06015625
2 0.95078125 0.39375 0.01328125 0.03125
2 0.6140625 0.20078125 0.01171875 0.059375
2 0.9390625 0.20390625 0.01328125 0.06015625
2 0.9265625 0.17265625 0.0078125 0.05234375
2 0.8765625 0.11484375 0.01328125 0.059375
2 0.7609375 0.3375 0.009375 0.040625
2 0.74609375 0.3984375 0.01171875 0.05546875
2 0.75703125 0.3890625 0.01015625 0.06171875
2 0.73203125 0.41953125 0.01015625 0.053125
2 0.7265625 0.39609375 0.01328125 0.04921875
2 0.71015625 0.38046875 0.01328125 0.06328125
2 0.7171875 0.34921875 0.0109375 0.05703125
2 0.69375 0.340625 0.01171875 0.0546875
2 0.71328125 0.32578125 0.0078125 0.05546875
2 0.7 0.30703125 0.0109375 0.03671875
2 0.68984375 0.29375 0.0109375 0.0453125
2 0.6796875 0.34140625 0.01171875 0.053125
2 0.6671875 0.321875 0.01484375 0.06171875
2 0.659375 0.29609375 0.01171875 0.05546875
2 0.67265625 0.278125 0.01171875 0.05
2 0.675 0.24921875 0.01171875 0.04140625
2 0.65625 0.24921875 0.009375 0.0484375
2 0.6421875 0.2390625 0.0109375 0.0515625
2 0.63125 0.20625 0.0078125 0.0484375
2 0.621875 0.2484375 0.00859375 0.059375
2 0.63203125 0.2609375 0.009375 0.06328125
2 0.63515625 0.2734375 0.01171875 0.06796875
2 0.71953125 0.22109375 0.01328125 0.0390625
2 0.65 0.11953125 0.00703125 0.0203125
2 0.6390625 0.10859375 0.0109375 0.01875
1 0.16875 0.1171875 0.0328125 0.08828125
2 0.08515625 0.29453125 0.01171875 0.04609375
2 0.028125 0.40546875 0.01484375 0.06015625
2 0.15078125 0.3828125 0.01640625 0.0359375
2 0.01875 0.7671875 0.01328125 0.0640625
2 0.06796875 0.753125 0.015625 0.06953125
2 0.14140625 0.71953125 0.015625 0.0796875
2 0.3421875 0.6640625 0.01640625 0.0703125
2 0.21875 0.76796875 0.01015625 0.0515625
2 0.18046875 0.62109375 0.01640625 0.07109375
2 0.18125 0.575 0.0171875 0.06640625
2 0.203125 0.590625 0.01640625 0.0703125
2 0.20859375 0.53203125 0.01640625 0.06640625
2 0.21953125 0.72109375 0.01328125 0.06328125
2 0.2140625 0.71328125 0.0140625 0.07109375
2 0.4375 0.98359375 0.0140625 0.03046875
2 0.428125 0.953125 0.01484375 0.05703125
2 0.384375 0.959375 0.02109375 0.075
2 0.4265625 0.9296875 0.01953125 0.078125
2 0.44296875 0.90859375 0.0109375 0.0703125
2 0.40703125 0.88984375 0.01640625 0.0703125
2 0.39453125 0.8671875 0.01328125 0.05859375
2 0.38515625 0.840625 0.01171875 0.05078125
2 0.37265625 0.83046875 0.01328125 0.0890625
2 0.346875 0.7953125 0.0140625 0.07578125
2 0.3265625 0.75625 0.01015625 0.0453125
2 0.32734375 0.703125 0.01796875 0.053125
2 0.31484375 0.69296875 0.009375 0.0890625
2 0.30859375 0.6265625 0.01484375 0.06171875
2 0.2703125 0.73046875 0.01484375 0.078125
2 0.24921875 0.709375 0.01484375 0.065625
2 0.22890625 0.675 0.015625 0.06875
2 0.284375 0.70078125 0.01328125 0.0765625
2 0.2703125 0.65703125 0.01640625 0.06796875
2 0.29140625 0.67109375 0.01484375 0.07109375
2 0.29375 0.64921875 0.0109375 0.075
2 0.27734375 0.63828125 0.01171875 0.06875
2 0.20625 0.4109375 0.01640625 0.034375
2 0.2046875 0.4609375 0.01328125 0.0703125
2 0.2140625 0.484375 0.01328125 0.059375
2 0.22890625 0.54296875 0.01328125 0.06875
2 0.23828125 0.58046875 0.01171875 0.07109375
2 0.253125 0.596875 0.01484375 0.06953125
2 0.24765625 0.5453125 0.01171875 0.04296875
2 0.22578125 0.4859375 0.0109375 0.0546875
2 0.24375 0.51875 0.01015625 0.03203125