0 0.5328125 0.88984375 0.153125 0.2203125
0 0.39609375 0.68359375 0.11484375 0.25078125
1 0.159375 0.08203125 0.05078125 0.0890625
2 0.17265625 0.28046875 0.0125 0.05859375
2 0.17109375 0.36328125 0.0125 0.05703125
2 0.19765625 0.371875 0.015625 0.06015625
2 0.21640625 0.3515625 0.01796875 0.06953125
2 0.05703125 0.4703125 0.0171875 0.0734375
2 0.04140625 0.5046875 0.0203125 0.07265625
2 0.01640625 0.63359375 0.01796875 0.07109375
2 0.0171875 0.57890625 0.01875 0.06328125
2 0.1421875 0.5546875 0.01640625 0.07109375
2 0.19296875 0.52890625 0.015625 0.06796875
2 0.22890625 0.42734375 0.01640625 0.07109375
2 0.028125 0.8046875 0.01953125 0.075
2 0.05234375 0.803125 0.021875 0.075
2 0.15546875 0.72734375 0.01328125 0.04453125
2 0.4265625 0.95 0.015625 0.06328125
2 0.4265625 0.88671875 0.015625 0.05859375
2 0.37890625 0.84609375 0.0109375 0.06875
2 0.3640625 0.8421875 0.015625 0.0671875
2 0.30859375 0.7078125 0.0140625 0.06796875
2 0.29375 0.7296875 0.0109375 0.053125
2 0.28984375 0.67578125 0.0140625 0.065625
2 0.2640625 0.6765625 0.0125 0.0703125
2 0.2703125 0.6078125 0.0171875 0.0609375
2 0.209375 0.43828125 0.009375 0.06953125
2 0.2359375 0.54765625 0.009375 0.06796875
2 0.22421875 0.5359375 0.01484375 0.05859375
2 0.23359375 0.49765625 0.01328125 0.03359375
2 0.22421875 0.4890625 0.00859375 0.03359375
2 0.215625 0.45859375 0.01015625 0.03828125
2 0.9265625 0.11328125 0.0109375 0.05
2 0.90390625 0.07734375 0.01171875 0.0421875
2 0.9734375 0.07109375 0.0109375 0.03671875
2 0.97890625 0.190625 0.01640625 0.0515625
2 0.95390625 0.2265625 0.009375 0.0515625
2 0.93125 0.253125 0.01171875 0.05625
2 0.8984375 0.1328125 0.0109375 0.0515625
2 0.93046875 0.040625 0.0078125 0.04140625
2 0.9046875 0.04765625 0.00859375 0.03203125
2 0.98828125 0.31796875 0.0109375 0.05625
2 0.97265625 0.3375 0.0125 0.05390625
2 0.97578125 0.31171875 0.01015625 0.0484375
2 0.84453125 0.25703125 0.01015625 0.03125
2 0.81953125 0.06640625 0.0109375 0.04765625
2 0.76328125 0.02109375 0.0109375 0.0421875
2 0.77265625 0.1078125 0.01171875 0.04921875
2 0.7765625 0.07265625 0.0140625 0.03125
2 0.73984375 0.1609375 0.01015625 0.05078125
2 0.7328125 0.1078125 0.00859375 0.05390625
2 0.728125 0.0921875 0.0109375 0.0578125
2 0.70625 0.10546875 0.01640625 0.04296875
2 0.5140625 0.0265625 0.01171875 0.0453125
2 0.5328125 0.05546875 0.01015625 0.046875
2 0.53203125 0.08671875 0.0109375 0.02890625
2 0.553125 0.08828125 0.00859375 0.0484375
2 0.56953125 0.075 0.009375 0.04765625
0 0.628125 0.03515625 0.1015625 0.06875
2 0.659375 0.10546875 0.01171875 0.034375
2 0.65625 0.0921875 0.00703125 0.02734375
2 0.6453125 0.08359375 0.00859375 0.03671875
2 0.603125 0.08203125 0.009375 0.0390625
2 0.63125 0.09140625 0.0078125 0.0234375
2 0.59140625 0.0921875 0.0078125 0.0375
2 0.57890625 0.12734375 0.0125 0.05
2 0.584375 0.1578125 0.01171875 0.05078125
2 0.59765625 0.1859375 0.009375 0.05859375
0 0.51875 0.15078125 0.08359375 0.140625
2 0.9609375 0.7203125 0.01796875 0.071875
2 0.88984375 0.5765625 0.015625 0.06015625
2 0.7578125 0.44609375 0.0125 0.0671875
2 0.79375 0.46953125 0.0140625 0.06328125
2 0.75234375 0.39765625 0.01328125 0.05078125
0 0.84296875 0.63046875 0.128125 0.228125
0 0.915625 0.415625 0.16875 0.2859375
2 0.8421875 0.35390625 0.01015625 0.05
2 0.83515625 0.35703125 0.009375 0.05078125
2 0.81015625 0.3390625 0.00703125 0.0546875
2 0.796875 0.37890625 0.01328125 0.06328125
2 0.7875 0.37578125 0.009375 0.06484375
2 0.76875 0.34921875 0.01015625 0.05
2 0.78828125 0.3265625 0.01171875 0.04375
2 0.73359375 0.371875 0.01171875 0.0609375
2 0.7546875 0.353125 0.0078125 0.05078125
2 0.77890625 0.2734375 0.009375 0.03203125
2 0.79375 0.2921875 0.0078125 0.02421875
2 0.771875 0.271875 0.009375 0.021875
2 0.75859375 0.2515625 0.00703125 0.02578125
2 0.75078125 0.2453125 0.00703125 0.0140625
2 0.74453125 0.23671875 0.00859375 0.0171875
2 0.72734375 0.22734375 0.00859375 0.0234375
2 0.73359375 0.22265625 0.00859375 0.0234375
2 0.71640625 0.21953125 0.00703125 0.0421875
2 0.68125 0.1609375 0.0046875 0.01484375
2 0.71640625 0.38359375 0.01015625 0.05859375
2 0.72421875 0.35703125 0.01015625 0.0515625
2 0.72421875 0.3265625 0.00625 0.0265625
2 0.71015625 0.35625 0.01171875 0.05703125
2 0.6953125 0.35625 0.0109375 0.0640625
2 0.68203125 0.33671875 0.01015625 0.06015625
2 0.7015625 0.3140625 0.00859375 0.04609375
2 0.67734375 0.29296875 0.01171875 0.0578125
2 0.65859375 0.2859375 0.009375 0.05625
2 0.66796875 0.2796875 0.00859375 0.0546875
2 0.66640625 0.2328125 0.0078125 0.0421875
2 0.64140625 0.271875 0.01015625 0.059375
2 0.65625 0.24140625 0.009375 0.04296875
2 0.6234375 0.18046875 0.0046875 0.0390625
2 0.67890625 0.25859375 0.00703125 0.03046875