0 0.03984375 0.3578125 0.0796875 0.0953125
1 0.6 0.69921875 0.11875 0.24375
1 0.49765625 0.1234375 0.08125 0.1328125
1 0.728125 0.39375 0.08671875 0.20078125
2 0.565625 0.60546875 0.01953125 0.07421875
2 0.984375 0.89140625 0.01640625 0.07421875
2 0.9703125 0.34453125 0.009375 0.06171875
2 0.946875 0.35078125 0.01484375 0.05546875
2 0.81953125 0.39140625 0.0125 0.0578125
2 0.85234375 0.38515625 0.0125 0.03203125
2 0.7921875 0.8109375 0.015625 0.06796875
2 0.559375 0.98125 0.01015625 0.034375
2 0.584375 0.92265625 0.01171875 0.05703125
2 0.6296875 0.85859375 0.0171875 0.075
2 0.68125 0.7109375 0.015625 0.0625
2 0.7203125 0.74453125 0.0140625 0.03359375
2 0.7015625 0.7375 0.0171875 0.04296875
2 0.609375 0.86015625 0.015625 0.06328125
2 0.73828125 0.66875 0.0140625 0.06796875
2 0.803125 0.59921875 0.0171875 0.06796875
2 0.77890625 0.5640625 0.01640625 0.06328125
2 0.7859375 0.628125 0.0140625 0.0703125
2 0.0953125 0.66640625 0.01328125 0.06171875
2 0.1140625 0.578125 0.00703125 0.06171875
2 0.74140625 0.49453125 0.01328125 0.053125
2 0.1796875 0.24765625 0.0078125 0.053125
2 0.0921875 0.5265625 0.01484375 0.0671875
2 0.1015625 0.525 0.009375 0.07265625
2 0.0640625 0.23515625 0.0140625 0.0546875
2 0.184375 0.51015625 0.0140625 0.06796875
2 0.2015625 0.503125 0.0140625 0.06953125
2 0.78984375 0.43203125 0.01171875 0.06484375
2 0.7546875 0.48984375 0.009375 0.06328125
2 0.7609375 0.46484375 0.01328125 0.065625
2 0.7734375 0.4453125 0.0125 0.05546875
2 0.77421875 0.42109375 0.0078125 0.04140625
2 0.77890625 0.4140625 0.009375 0.05703125
2 0.7640625 0.4078125 0.01328125 0.0359375
2 0.02109375 0.92265625 0.02265625 0.0625
2 0.09921875 0.10859375 0.009375 0.04609375
2 0.11953125 0.12109375 0.01328125 0.0546875
2 0.1890625 0.0859375 0.0078125 0.0484375
2 0.434375 0.59765625 0.01953125 0.065625
2 0.1125 0.0328125 0.0140625 0.04296875
2 0.13671875 0.08125 0.0125 0.05234375
2 0.16796875 0.06328125 0.0109375 0.05
2 0.146875 0.03046875 0.01015625 0.04609375
2 0.2234375 0.040625 0.01328125 0.04140625
2 0.2234375 0.1171875 0.01015625 0.06171875
2 0.2125 0.12109375 0.0109375 0.04765625
2 0.21796875 0.08359375 0.0125 0.03203125
2 0.26953125 0.0859375 0.00703125 0.04609375
2 0.2546875 0.07109375 0.01015625 0.04609375
2 0.25859375 0.0484375 0.009375 0.05
2 0.40625 0.03984375 0.01015625 0.04453125
2 0.275 0.01640625 0.01484375 0.0328125
2 0.4453125 0.05390625 0.0125 0.05234375
2 0.4578125 0.02265625 0.009375 0.04140625
2 0.48125 0.01796875 0.00859375 0.0359375
2 0.44921875 0.1140625 0.0109375 0.0515625
2 0.4375 0.11171875 0.01015625 0.04140625
2 0.42734375 0.09921875 0.00703125 0.05
2 0.190625 0.38984375 0.01484375 0.04765625
2 0.23046875 0.44375 0.01484375 0.06171875
2 0.19921875 0.4421875 0.009375 0.06171875
2 0.425 0.17890625 0.01171875 0.0453125
2 0.41015625 0.1515625 0.00703125 0.05078125
2 0.40625 0.16875 0.01015625 0.053125
2 0.396875 0.17109375 0.01015625 0.034375
2 0.4 0.21796875 0.01015625 0.0390625
2 0.3921875 0.19140625 0.0109375 0.053125
2 0.3796875 0.2015625 0.01015625 0.0515625
2 0.36875 0.29453125 0.0109375 0.05703125
2 0.3609375 0.19765625 0.00859375 0.03125
2 0.37421875 0.26171875 0.009375 0.0578125
2 0.359375 0.28203125 0.009375 0.05546875
2 0.3546875 0.25625 0.0078125 0.053125
2 0.34609375 0.26875 0.0125 0.06015625
2 0.1953125 0.35859375 0.01875 0.0484375
2 0.20546875 0.325 0.0109375 0.0609375
2 0.2140625 0.3359375 0.009375 0.0578125
2 0.234375 0.3984375 0.01171875 0.0515625
2 0.2453125 0.3921875 0.01171875 0.065625
2 0.25625 0.43203125 0.01875 0.05546875
2 0.26640625 0.36328125 0.01171875 0.06171875
2 0.28515625 0.38671875 0.0140625 0.06328125
2 0.28203125 0.3328125 0.01328125 0.03203125
2 0.2453125 0.34453125 0.009375 0.025
2 0.2984375 0.3125 0.0140625 0.05625
2 0.30703125 0.35859375 0.00859375 0.05390625
2 0.31640625 0.3328125 0.01015625 0.05625
2 0.3109375 0.31328125 0.01328125 0.05390625
2 0.33046875 0.3140625 0.009375 0.05859375
2 0.3359375 0.29453125 0.00859375 0.05625
2 0.328125 0.2703125 0.00859375 0.0421875
2 0.31015625 0.2640625 0.01015625 0.0390625
2 0.26796875 0.225 0.0078125 0.02421875
2 0.334375 0.15 0.009375 0.021875
2 0.28203125 0.2296875 0.009375 0.02421875
2 0.3296875 0.24453125 0.0109375 0.02421875
2 0.8859375 0.096875 0.0109375 0.05078125
2 0.89140625 0.05859375 0.009375 0.03515625
2 0.24921875 0.01796875 0.01171875 0.03359375