2 0.7921875 0.65625 0.00859375 0.04296875
2 0.7828125 0.68984375 0.01171875 0.0390625
2 0.78125 0.64296875 0.015625 0.05390625
2 0.765625 0.67890625 0.0140625 0.0640625
2 0.759375 0.6453125 0.01015625 0.05625
2 0.7453125 0.65546875 0.00703125 0.0484375
2 0.7359375 0.6359375 0.01015625 0.0484375
2 0.73359375 0.60234375 0.0140625 0.04609375
2 0.7953125 0.51015625 0.00859375 0.05
2 0.75234375 0.5234375 0.01015625 0.0484375
2 0.71015625 0.6390625 0.0109375 0.0515625
2 0.7 0.609375 0.01875 0.0421875
2 0.68359375 0.58125 0.01328125 0.04140625
2 0.68203125 0.621875 0.0125 0.05625
2 0.6546875 0.603125 0.009375 0.05859375
2 0.6046875 0.55 0.0078125 0.040625
2 0.5765625 0.43671875 0.01171875 0.04375
2 0.50625 0.49609375 0.0109375 0.03359375
2 0.48125 0.49765625 0.01171875 0.034375
2 0.5484375 0.37578125 0.00546875 0.028125
2 0.521875 0.365625 0.00625 0.01875
2 0.5125 0.35859375 0.0046875 0.02734375
2 0.434375 0.4234375 0.0046875 0.03984375
2 0.50546875 0.3625 0.003125 0.03046875
2 0.71875 0.540625 0.01328125 0.0484375
2 0.56484375 0.50546875 0.01484375 0.0328125
2 0.72578125 0.434375 0.01171875 0.03984375
2 0.95625 0.62265625 0.01015625 0.0421875
2 0.9796875 0.64453125 0.01171875 0.040625
2 0.95546875 0.69765625 0.015625 0.03984375
2 0.97421875 0.72421875 0.0140625 0.05390625
2 0.934375 0.7390625 0.0125 0.05625
2 0.59921875 0.16953125 0.0046875 0.01640625
2 0.51796875 0.21171875 0.003125 0.021875
2 0.51484375 0.21015625 0.0046875 0.02265625
2 0.50546875 0.21171875 0.0046875 0.02421875
2 0.49765625 0.21171875 0.0046875 0.02734375
2 0.48515625 0.2171875 0.0078125 0.01796875
2 0.47890625 0.22265625 0.00390625 0.015625
2 0.45546875 0.2203125 0.00703125 0.021875
2 0.44765625 0.209375 0.00625 0.0140625
2 0.4515625 0.24140625 0.00703125 0.02265625
2 0.440625 0.24375 0.00546875 0.01953125
2 0.42734375 0.2484375 0.0046875 0.028125
2 0.3875 0.27109375 0.0046875 0.02421875
2 0.38203125 0.2703125 0.0046875 0.0203125
2 0.32421875 0.20859375 0.00859375 0.015625
2 0.30703125 0.21015625 0.0046875 0.01796875
0 0.3375 0.2984375 0.08125 0.0625
0 0.17578125 0.33828125 0.0859375 0.0484375
0 0.02578125 0.29921875 0.0328125 0.03515625
1 0.2625 0.71640625 0.07109375 0.1046875
1 0.0546875 0.3234375 0.03359375 0.03828125
1 0.09765625 0.3453125 0.0171875 0.04921875
2 0.31015625 0.20703125 0.0046875 0.01484375