0 0.90546875 0.6234375 0.14609375 0.11015625
2 0.840625 0.21796875 0.009375 0.025
2 0.76875 0.36796875 0.01015625 0.021875
2 0.71171875 0.52734375 0.0078125 0.0296875
2 0.88359375 0.5171875 0.01171875 0.028125
2 0.67734375 0.33046875 0.01015625 0.0296875
2 0.5 0.34296875 0.00625 0.02578125
2 0.50546875 0.5640625 0.01015625 0.04609375
2 0.4296875 0.35234375 0.00625 0.03125
2 0.43515625 0.35390625 0.00546875 0.021875
2 0.46484375 0.53828125 0.00859375 0.028125
2 0.4578125 0.54609375 0.0078125 0.0328125
2 0.4453125 0.56796875 0.00703125 0.04375
2 0.375 0.60859375 0.0109375 0.04140625
2 0.36796875 0.46640625 0.00703125 0.03671875
2 0.35625 0.63046875 0.009375 0.0421875
2 0.3 0.49921875 0.01015625 0.03671875
2 0.3265625 0.5671875 0.00703125 0.0375
2 0.334375 0.56953125 0.00859375 0.0234375
2 0.33671875 0.59609375 0.0078125 0.03671875
2 0.31953125 0.621875 0.00546875 0.03984375
2 0.3109375 0.6328125 0.0109375 0.03984375
2 0.25 0.65546875 0.00703125 0.0390625
2 0.21640625 0.67109375 0.0078125 0.04296875
2 0.184375 0.66875 0.009375 0.0421875
2 0.1375 0.6109375 0.00859375 0.03671875
2 0.18671875 0.56953125 0.0078125 0.0359375
2 0.17578125 0.575 0.00859375 0.03515625
2 0.16640625 0.5734375 0.00703125 0.03359375
2 0.07265625 0.45390625 0.00625 0.02890625
2 0.03203125 0.47890625 0.00625 0.02890625
2 0.075 0.67734375 0.01484375 0.0515625
2 0.203125 0.29765625 0.0078125 0.0296875
2 0.08671875 0.296875 0.00703125 0.021875
2 0.078125 0.3046875 0.0078125 0.02734375
2 0.07265625 0.30703125 0.0046875 0.02578125
2 0.00703125 0.61484375 0.00703125 0.03359375
2 0.053125 0.725 0.00703125 0.034375
2 0.05390625 0.70703125 0.00703125 0.0296875
2 0.03984375 0.71640625 0.0078125 0.040625
2 0.02890625 0.72734375 0.00703125 0.040625
2 0.01328125 0.7296875 0.0078125 0.034375
2 0.103125 0.26875 0.00625 0.02578125
2 0.0671875 0.30546875 0.00625 0.03359375
2 0.06484375 0.28125 0.0078125 0.02265625
2 0.0359375 0.20078125 0.00546875 0.03125
2 0.003125 0.14765625 0.00625 0.0203125