0 0.08515625 0.43046875 0.16953125 0.31796875
0 0.38515625 0.0296875 0.11796875 0.059375
2 0.02265625 0.1421875 0.0171875 0.05390625
2 0.1125 0.22421875 0.0140625 0.05703125
2 0.16484375 0.0453125 0.01796875 0.046875
2 0.19375 0.01875 0.0140625 0.0375
2 0.2140625 0.03984375 0.0171875 0.046875
2 0.23203125 0.0171875 0.009375 0.034375
2 0.25390625 0.01953125 0.0125 0.0390625
2 0.28671875 0.04140625 0.0140625 0.0484375
2 0.25703125 0.16953125 0.01484375 0.059375
2 0.35 0.11015625 0.01328125 0.05390625
2 0.334375 0.1484375 0.015625 0.03984375
2 0.440625 0.13359375 0.01171875 0.0328125
2 0.4375 0.165625 0.01328125 0.05625
2 0.425 0.15625 0.01171875 0.05
2 0.4171875 0.17109375 0.01328125 0.05703125
2 0.3984375 0.18125 0.01015625 0.0546875
2 0.4140625 0.2078125 0.0125 0.05625
2 0.3921875 0.22890625 0.0171875 0.06484375
2 0.36875 0.228125 0.01640625 0.0515625
2 0.375 0.25859375 0.01484375 0.05625
2 0.328125 0.25859375 0.01484375 0.0578125
2 0.34140625 0.25390625 0.01015625 0.06484375
2 0.334375 0.2859375 0.0140625 0.0625
2 0.33125 0.31328125 0.015625 0.0609375
2 0.31484375 0.34765625 0.0125 0.0578125
2 0.3015625 0.46171875 0.021875 0.0734375
2 0.18515625 0.48828125 0.01640625 0.0734375
2 0.2125 0.38984375 0.015625 0.065625
2 0.221875 0.34765625 0.00859375 0.04609375
2 0.23125 0.33984375 0.009375 0.05625
2 0.2375 0.3796875 0.01484375 0.04453125
2 0.2453125 0.421875 0.01484375 0.06796875
2 0.2640625 0.3671875 0.01328125 0.06640625
2 0.27578125 0.3578125 0.009375 0.0625
2 0.28125 0.340625 0.0171875 0.05546875
2 0.2953125 0.32578125 0.01640625 0.05625
2 0.30703125 0.30703125 0.015625 0.05078125
2 0.31640625 0.30234375 0.01171875 0.0625
2 0.30625 0.26640625 0.01328125 0.0375
1 0.83984375 0.084375 0.0453125 0.0984375
2 0.82890625 0.37421875 0.0140625 0.05859375
2 0.75703125 0.471875 0.01484375 0.06484375
2 0.790625 0.50390625 0.01484375 0.06328125
2 0.77890625 0.54296875 0.01640625 0.07109375
2 0.74296875 0.57890625 0.0171875 0.06796875
2 0.74375 0.66328125 0.02109375 0.07734375
2 0.6609375 0.74765625 0.015625 0.0828125
2 0.69453125 0.71953125 0.01796875 0.071875
0 0.48984375 0.85546875 0.1828125 0.28828125
0 0.6453125 0.49921875 0.134375 0.32109375
2 0.69609375 0.64375 0.01640625 0.07734375
2 0.703125 0.53125 0.0171875 0.0671875
2 0.70234375 0.57265625 0.01484375 0.0625
2 0.6984375 0.60859375 0.01875 0.06328125
2 0.9578125 0.11171875 0.01171875 0.0484375
2 0.0359375 0.78671875 0.015625 0.07578125
2 0.04609375 0.82109375 0.0171875 0.09140625
2 0.15546875 0.93828125 0.021875 0.08203125
2 0.0875 0.9765625 0.021875 0.046875
2 0.06953125 0.9609375 0.02109375 0.078125
2 0.0296875 0.96796875 0.03125 0.0640625
2 0.0171875 0.8640625 0.01484375 0.0640625
2 0.0203125 0.90078125 0.0203125 0.08203125