0 0.5171875 0.87734375 0.1734375 0.2453125
2 0.11875 0.8875 0.0125 0.07265625
2 0.20078125 0.9546875 0.01171875 0.071875
2 0.209375 0.59296875 0.0140625 0.07265625
2 0.2 0.64609375 0.0140625 0.0671875
2 0.23046875 0.6984375 0.01640625 0.06796875
2 0.24296875 0.7109375 0.01015625 0.0578125
2 0.3203125 0.68203125 0.01953125 0.084375
2 0.30859375 0.70078125 0.01640625 0.06796875
2 0.29140625 0.68828125 0.01328125 0.0671875
2 0.2640625 0.66328125 0.015625 0.07109375
2 0.25390625 0.6359375 0.01484375 0.071875
2 0.2078125 0.52109375 0.009375 0.05625
2 0.23671875 0.5265625 0.01640625 0.06484375
2 0.22890625 0.50078125 0.00625 0.06328125
2 0.22109375 0.48828125 0.01015625 0.06015625
2 0.21640625 0.459375 0.0078125 0.053125
2 0.2078125 0.43828125 0.00703125 0.0375
2 0.2046875 0.41484375 0.0015625 0.05625
2 0.83359375 0.83984375 0.01484375 0.06875
2 0.8828125 0.69375 0.0171875 0.075
2 0.90078125 0.565625 0.0125 0.07265625
2 0.91484375 0.515625 0.0125 0.06171875
2 0.8109375 0.35625 0.01015625 0.05546875
2 0.81875 0.27421875 0.009375 0.05546875
2 0.790625 0.37265625 0.01640625 0.0625
2 0.759375 0.40546875 0.01015625 0.06328125
2 0.753125 0.41484375 0.009375 0.05859375
2 0.75625 0.359375 0.01015625 0.0578125
2 0.78671875 0.315625 0.01015625 0.05234375
2 0.784375 0.3484375 0.01171875 0.04453125
2 0.725 0.3171875 0.00859375 0.0359375
2 0.53359375 0.0234375 0.01328125 0.0421875
2 0.5453125 0.0390625 0.01171875 0.05234375
2 0.715625 0.06875 0.01015625 0.03671875
2 0.734375 0.04296875 0.0078125 0.0484375
2 0.85 0.21171875 0.0125 0.0515625
2 0.8453125 0.15546875 0.01015625 0.05390625
2 0.76015625 0.09375 0.0140625 0.0421875
2 0.77734375 0.10546875 0.00859375 0.05078125
2 0.7953125 0.034375 0.01171875 0.0453125
2 0.6921875 0.26015625 0.01328125 0.04296875
2 0.7375 0.3328125 0.009375 0.02421875
2 0.709375 0.31015625 0.01015625 0.0390625
2 0.67578125 0.265625 0.01171875 0.04765625
2 0.66953125 0.2515625 0.01171875 0.05234375
2 0.65625 0.27578125 0.0078125 0.0359375
2 0.6484375 0.2953125 0.009375 0.05
2 0.64140625 0.28359375 0.01015625 0.0578125
2 0.63359375 0.28046875 0.01171875 0.0484375
2 0.6203125 0.26484375 0.00859375 0.04453125
2 0.6125 0.25 0.0125 0.0421875
2 0.609375 0.23515625 0.00625 0.05234375
2 0.58515625 0.14375 0.0109375 0.04453125
2 0.575 0.12109375 0.01015625 0.05
2 0.56328125 0.165625 0.00859375 0.05703125
2 0.55625 0.13203125 0.01171875 0.05
2 0.55078125 0.109375 0.009375 0.0453125
2 0.99296875 0.2546875 0.0125 0.053125
2 0.953125 0.06796875 0.00859375 0.04296875
2 0.99609375 0.1859375 0.0078125 0.04375
2 0.984375 0.1859375 0.01015625 0.04375
2 0.990625 0.1453125 0.01015625 0.03984375
2 0.9234375 0.03671875 0.0125 0.0453125
2 0.7046875 0.18671875 0.009375 0.02421875
0 0.71328125 0.15703125 0.15 0.2359375
1 0.68984375 0.40078125 0.0875 0.18359375
0 0.61953125 0.39921875 0.13359375 0.275