0 0.5875 0.88359375 0.13515625 0.17734375
0 0.51171875 0.8484375 0.1703125 0.21484375
0 0.31171875 0.64921875 0.10234375 0.12421875
2 0.1796875 0.653125 0.01328125 0.0484375
2 0.253125 0.65078125 0.0140625 0.04921875
2 0.2328125 0.621875 0.01328125 0.03671875
2 0.24140625 0.634375 0.01484375 0.05859375
2 0.20859375 0.4640625 0.0125 0.04375
2 0.2671875 0.634375 0.0109375 0.05703125
2 0.28046875 0.5984375 0.009375 0.040625
2 0.2890625 0.59765625 0.01015625 0.0328125
2 0.29765625 0.58359375 0.0078125 0.03984375
2 0.303125 0.58515625 0.0078125 0.0421875
2 0.36328125 0.5890625 0.00859375 0.0484375
2 0.2578125 0.44453125 0.00625 0.03046875
2 0.26640625 0.44765625 0.00703125 0.0390625
2 0.453125 0.41171875 0.0078125 0.03671875
2 0.48359375 0.51015625 0.009375 0.0390625
2 0.52109375 0.490625 0.00703125 0.034375
2 0.5671875 0.47734375 0.0109375 0.03828125
0 0.875 0.37265625 0.0546875 0.05
2 0.4046875 0.16796875 0.00546875 0.015625
2 0.5015625 0.21328125 0.00625 0.021875
2 0.51171875 0.215625 0.00703125 0.025
2 0.49453125 0.2 0.00625 0.01171875
2 0.55078125 0.22109375 0.00703125 0.02109375
2 0.603125 0.25703125 0.0046875 0.01640625
2 0.6359375 0.2546875 0.00625 0.02421875
2 0.625 0.2984375 0.00625 0.025
2 0.6140625 0.28984375 0.0046875 0.01875
2 0.57734375 0.321875 0.0046875 0.02421875