1 0.70625 0.5234375 0.0984375 0.19453125
0 0.465625 0.884375 0.1609375 0.225
2 0.56171875 0.9015625 0.0171875 0.0625
2 0.62734375 0.709375 0.02109375 0.06875
2 0.59140625 0.86796875 0.01796875 0.07734375
2 0.60625 0.86875 0.01484375 0.0546875
2 0.6375 0.796875 0.01484375 0.07109375
2 0.71015625 0.62578125 0.0125 0.0703125
2 0.79765625 0.71015625 0.01875 0.071875
2 0.73515625 0.69765625 0.01171875 0.0703125
2 0.82578125 0.38046875 0.01875 0.0625
2 0.7515625 0.66171875 0.0125 0.07578125
2 0.73203125 0.61171875 0.01328125 0.0625
2 0.2 0.515625 0.01953125 0.07109375
2 0.8 0.41015625 0.0109375 0.05859375
2 0.7921875 0.44296875 0.0109375 0.0609375
2 0.78125 0.48359375 0.01171875 0.059375
2 0.775 0.5203125 0.01328125 0.065625
2 0.76796875 0.55 0.015625 0.0609375
2 0.096875 0.3203125 0.01328125 0.05625
2 0.18984375 0.359375 0.01328125 0.05859375
2 0.253125 0.40703125 0.01015625 0.059375
2 0.24140625 0.4109375 0.01328125 0.06484375
2 0.06015625 0.2734375 0.01171875 0.053125
2 0.26875 0.37578125 0.0140625 0.06171875
2 0.34140625 0.30078125 0.0171875 0.05078125
2 0.384375 0.24296875 0.0109375 0.0484375
2 0.2484375 0.07421875 0.0125 0.0484375
2 0.28125 0.059375 0.0109375 0.03984375
2 0.2890625 0.3453125 0.01015625 0.0515625
2 0.303125 0.34453125 0.0125 0.04921875
2 0.35390625 0.2359375 0.0125 0.0484375
2 0.36796875 0.21953125 0.00859375 0.04453125
2 0.215625 0.33671875 0.00546875 0.0484375
2 0.2421875 0.35859375 0.01015625 0.04609375
2 0.33125 0.24453125 0.0125 0.03359375
2 0.3296875 0.28984375 0.01015625 0.0640625
2 0.38046875 0.20234375 0.01171875 0.05234375
2 0.38984375 0.1921875 0.00703125 0.0484375
2 0.21796875 0.084375 0.01015625 0.0390625
2 0.20625 0.109375 0.01328125 0.053125
2 0.19609375 0.13671875 0.0078125 0.04765625
2 0.20234375 0.16328125 0.01015625 0.04921875
2 0.4125 0.06875 0.0078125 0.04453125
2 0.440625 0.11640625 0.00703125 0.04765625
2 0.4484375 0.09453125 0.00546875 0.03515625
2 0.4546875 0.0953125 0.01015625 0.0421875
2 0.42890625 0.1375 0.00625 0.0578125
2 0.40078125 0.08515625 0.00546875 0.03515625
2 0.41484375 0.153125 0.0078125 0.0578125
2 0.3109375 0.2703125 0.0078125 0.0671875
2 0.44921875 0.0375 0.01171875 0.05
2 0.5296875 0.02421875 0.009375 0.0484375
2 0.42734375 0.1078125 0.00703125 0.0296875
2 0.41796875 0.1171875 0.00546875 0.034375
2 0.296875 0.01875 0.0109375 0.0359375
2 0.18671875 0.0703125 0.01015625 0.04609375
2 0.11484375 0.075 0.009375 0.04609375
2 0.06484375 0.1046875 0.009375 0.05
2 0.0140625 0.22734375 0.0140625 0.05703125
2 0.1015625 0.21484375 0.0125 0.05390625
2 0.17890625 0.18671875 0.0109375 0.05390625
2 0.15390625 0.0359375 0.00625 0.040625
2 0.1625 0.053125 0.009375 0.0546875
2 0.109375 0.12890625 0.01171875 0.04765625
2 0.01328125 0.325 0.0078125 0.05078125
2 0.028125 0.31484375 0.01171875 0.05078125
2 0.0359375 0.28984375 0.0140625 0.0421875
2 0.159375 0.225 0.0125 0.03359375
2 0.38671875 0.08359375 0.0125 0.0234375
0 0.2359375 0.21875 0.16484375 0.2578125
1 0.4828125 0.1546875 0.09609375 0.16015625