2 0.01875 0.72265625 0.01171875 0.04453125
2 0.0296875 0.7296875 0.0109375 0.0390625
2 0.125 0.6875 0.01484375 0.04140625
2 0.2484375 0.6546875 0.01796875 0.04921875
2 0.2765625 0.61015625 0.01171875 0.04765625
2 0.2859375 0.59765625 0.0109375 0.04375
2 0.30390625 0.6203125 0.0109375 0.03984375
2 0.2984375 0.5921875 0.00703125 0.04140625
2 0.3046875 0.596875 0.00859375 0.0390625
2 0.3140625 0.60546875 0.0109375 0.04140625
2 0.32578125 0.57578125 0.01171875 0.0546875
2 0.34296875 0.584375 0.0140625 0.0421875
2 0.3546875 0.57421875 0.01171875 0.04296875
2 0.3421875 0.4078125 0.009375 0.0296875
2 0.4375 0.51875 0.0109375 0.02890625
2 0.41875 0.3765625 0.00859375 0.02265625
2 0.409375 0.38359375 0.00859375 0.028125
2 0.41171875 0.3546875 0.0078125 0.025
2 0.41640625 0.3546875 0.0078125 0.02265625
2 0.58515625 0.440625 0.00859375 0.0375
2 0.49375 0.35390625 0.0109375 0.0265625
2 0.55859375 0.48359375 0.00859375 0.0390625
2 0.57890625 0.484375 0.00625 0.034375
2 0.54609375 0.49375 0.0078125 0.03671875
2 0.540625 0.47265625 0.0125 0.05
2 0.82421875 0.97890625 0.0171875 0.0421875
2 0.63046875 0.26171875 0.00390625 0.02265625
2 0.63359375 0.265625 0.00859375 0.0234375
2 0.6375 0.253125 0.0078125 0.015625
2 0.59921875 0.24375 0.00546875 0.0203125
2 0.58203125 0.24921875 0.00625 0.01484375
2 0.5765625 0.24140625 0.0078125 0.01796875
2 0.56015625 0.225 0.01015625 0.0171875
2 0.54921875 0.22109375 0.00625 0.02109375
2 0.5 0.21484375 0.00390625 0.02578125
0 0.67890625 0.321875 0.08046875 0.0796875
2 0.39453125 0.165625 0.00390625 0.025
2 0.40390625 0.16640625 0.00546875 0.0171875
2 0.48125 0.20234375 0.00546875 0.0234375
2 0.48984375 0.2109375 0.00546875 0.01953125
2 0.4921875 0.1953125 0.00703125 0.01953125
0 0.32265625 0.68671875 0.15234375 0.16484375