0 0.23046875 0.7296875 0.18515625 0.184375
0 0.43046875 0.61171875 0.14296875 0.140625
2 0.21015625 0.66328125 0.01953125 0.04140625
2 0.27890625 0.6265625 0.01015625 0.03203125
2 0.2546875 0.61640625 0.00859375 0.03984375
2 0.26640625 0.61953125 0.0109375 0.046875
2 0.28984375 0.6015625 0.0109375 0.04765625
2 0.315625 0.5828125 0.01015625 0.03359375
2 0.35 0.6 0.01015625 0.03671875
2 0.32265625 0.6203125 0.01328125 0.03984375
2 0.365625 0.584375 0.009375 0.04375
2 0.19921875 0.4890625 0.009375 0.03828125
2 0.23359375 0.46171875 0.01328125 0.03359375
2 0.26015625 0.44765625 0.00859375 0.046875
2 0.41484375 0.353125 0.01171875 0.0390625
2 0.8890625 0.68359375 0.009375 0.04765625
2 0.4265625 0.534375 0.01171875 0.03984375
0 0.43125 0.19375 0.06484375 0.0609375
2 0.3953125 0.16484375 0.00390625 0.01875
2 0.465625 0.19765625 0.00546875 0.021875
2 0.55234375 0.23359375 0.00703125 0.02109375
2 0.63125 0.27890625 0.0078125 0.025
2 0.60703125 0.29375 0.00625 0.0234375
2 0.5765625 0.3171875 0.0046875 0.0234375
2 0.62578125 0.28984375 0.00703125 0.021875
2 0.58671875 0.303125 0.00859375 0.03203125
2 0.596875 0.3125 0.01015625 0.02734375
2 0.615625 0.30546875 0.0078125 0.021875
2 0.61171875 0.30234375 0.0046875 0.021875
2 0.5796875 0.31953125 0.00625 0.025
2 0.57265625 0.31796875 0.0046875 0.02421875