0 0.3859375 0.63671875 0.14765625 0.35
1 0.57890625 0.21875 0.09609375 0.146875
2 0.4703125 0.865625 0.01484375 0.0625
2 0.08359375 0.58984375 0.0140625 0.06796875
2 0.01953125 0.2390625 0.009375 0.05234375
2 0.046875 0.35859375 0.01171875 0.0578125
2 0.7796875 0.14921875 0.009375 0.04765625
2 0.86171875 0.12890625 0.00859375 0.04765625
2 0.903125 0.11015625 0.0125 0.04921875
2 0.89453125 0.16640625 0.009375 0.04296875
2 0.77109375 0.2546875 0.0140625 0.05078125
2 0.7828125 0.23125 0.00859375 0.053125
2 0.67734375 0.27109375 0.01015625 0.0609375
2 0.66484375 0.23203125 0.01171875 0.05234375