2 0.96640625 0.82734375 0.021875 0.06796875
2 0.88515625 0.565625 0.0234375 0.05703125
2 0.88125 0.53125 0.0171875 0.06640625
2 0.7484375 0.61875 0.01796875 0.06796875
2 0.62265625 0.88125 0.01796875 0.08046875
0 0.4875 0.87890625 0.17421875 0.2390625
0 0.63125 0.57265625 0.1359375 0.33984375
1 0.5578125 0.05625 0.08046875 0.1125
1 0.33046875 0.36484375 0.10390625 0.18671875
2 0.0234375 0.5765625 0.0109375 0.06484375
2 0.17734375 0.496875 0.0125 0.065625
2 0.190625 0.36484375 0.009375 0.06328125
2 0.29921875 0.30859375 0.01171875 0.05
2 0.33828125 0.2296875 0.00625 0.0453125
2 0.0125 0.31796875 0.0125 0.0546875
2 0.1171875 0.31171875 0.0109375 0.053125
2 0.225 0.11953125 0.01171875 0.0453125
2 0.0328125 0.2515625 0.0125 0.04765625
2 0.08359375 0.040625 0.0125 0.040625