0 0.33671875 0.29296875 0.0859375 0.0671875
0 0.08984375 0.3125 0.04453125 0.0625
2 0.92421875 0.7296875 0.01484375 0.05703125
2 0.771875 0.6796875 0.01015625 0.04453125
2 0.73515625 0.640625 0.009375 0.0453125
2 0.7578125 0.5109375 0.009375 0.03125
2 0.715625 0.6421875 0.01015625 0.040625
2 0.72421875 0.6265625 0.01171875 0.0421875
2 0.7125 0.603125 0.0109375 0.034375
2 0.69765625 0.6265625 0.01015625 0.0421875
2 0.68046875 0.6109375 0.0109375 0.053125
2 0.6640625 0.59921875 0.009375 0.04609375
2 0.62578125 0.53125 0.0109375 0.04375
2 0.7375 0.4484375 0.00859375 0.03671875
2 0.73046875 0.44765625 0.00859375 0.03984375
2 0.5796875 0.53828125 0.009375 0.04375
2 0.70703125 0.4359375 0.0078125 0.025
2 0.5859375 0.3796875 0.0109375 0.0359375
2 0.52421875 0.5078125 0.0078125 0.03828125
2 0.51015625 0.51875 0.009375 0.03515625
2 0.45859375 0.51484375 0.00859375 0.025
2 0.48671875 0.47578125 0.00859375 0.034375
2 0.41875 0.503125 0.00859375 0.040625
2 0.4625 0.4703125 0.0109375 0.03828125
2 0.41328125 0.50546875 0.0078125 0.0390625
2 0.4484375 0.4640625 0.009375 0.03359375
2 0.45 0.45546875 0.00703125 0.02890625
2 0.4375 0.453125 0.00703125 0.03828125
2 0.55390625 0.3875 0.00703125 0.03671875
2 0.553125 0.365625 0.00859375 0.0328125
2 0.51484375 0.34609375 0.0078125 0.02734375
2 0.23359375 0.596875 0.01015625 0.03984375
2 0.24609375 0.59375 0.01015625 0.04453125
2 0.25546875 0.60703125 0.00859375 0.0421875
2 0.26015625 0.5984375 0.01015625 0.04609375
2 0.35390625 0.5390625 0.009375 0.03984375
2 0.33359375 0.5515625 0.01015625 0.0390625
2 0.2921875 0.575 0.01171875 0.05078125
2 0.32265625 0.5609375 0.009375 0.03046875
2 0.315625 0.55546875 0.00859375 0.03828125
2 0.38515625 0.27109375 0.00703125 0.02109375
2 0.39140625 0.203125 0.00546875 0.02109375
2 0.43125 0.2484375 0.00546875 0.02578125
2 0.44453125 0.2421875 0.00625 0.02265625
2 0.453125 0.23125 0.00546875 0.01875
2 0.44765625 0.2125 0.0046875 0.01640625
2 0.46015625 0.23359375 0.00703125 0.0234375
2 0.4671875 0.22890625 0.0046875 0.021875
2 0.471875 0.2234375 0.00390625 0.02265625
2 0.5171875 0.2046875 0.00546875 0.021875
2 0.50546875 0.2046875 0.0046875 0.0171875
2 0.5296875 0.20078125 0.00625 0.02265625
2 0.56640625 0.1875 0.00625 0.0234375
2 0.58984375 0.17890625 0.00625 0.01875
2 0.5984375 0.165625 0.0046875 0.01796875
2 0.51796875 0.19453125 0.0046875 0.0203125