0 0.48046875 0.871875 0.1765625 0.25625
2 0.55390625 0.965625 0.0203125 0.06875
2 0.571875 0.9546875 0.0171875 0.084375
2 0.6484375 0.78671875 0.01171875 0.09296875
2 0.6625 0.7546875 0.01796875 0.07421875
2 0.6984375 0.73125 0.0171875 0.059375
2 0.69453125 0.7140625 0.01640625 0.08046875
2 0.71328125 0.65234375 0.01328125 0.06875
2 0.7375 0.68125 0.01328125 0.07109375
2 0.959375 0.7265625 0.01953125 0.08515625
2 0.809375 0.74296875 0.0171875 0.0734375
2 0.859375 0.5609375 0.0140625 0.06796875
2 0.9765625 0.28125 0.01328125 0.05625
1 0.83984375 0.084375 0.05234375 0.08828125
2 0.82421875 0.359375 0.0125 0.06171875
2 0.78359375 0.3546875 0.0140625 0.0625
2 0.85859375 0.30546875 0.00859375 0.0578125
2 0.80078125 0.3640625 0.009375 0.040625
2 0.8 0.3828125 0.01015625 0.03671875
2 0.803125 0.41328125 0.01171875 0.05078125
2 0.7875 0.44453125 0.01484375 0.0625
2 0.78203125 0.484375 0.0109375 0.06875
2 0.8078125 0.53203125 0.015625 0.06953125
2 0.76953125 0.49140625 0.015625 0.06796875
2 0.76015625 0.54609375 0.0171875 0.08125
2 0.72734375 0.54375 0.01875 0.0765625
2 0.74609375 0.5515625 0.01484375 0.06953125
2 0.75078125 0.6015625 0.01640625 0.06484375
2 0.76875 0.5015625 0.01015625 0.0484375
2 0.0390625 0.6484375 0.01796875 0.0734375
2 0.09609375 0.5515625 0.015625 0.078125
2 0.17890625 0.4953125 0.01484375 0.0703125
2 0.153125 0.571875 0.01640625 0.08203125
2 0.05078125 0.2875 0.015625 0.06171875
2 0.06484375 0.22421875 0.0125 0.06171875
2 0.04375 0.103125 0.0125 0.04609375
2 0.11796875 0.06953125 0.015625 0.04921875
2 0.13828125 0.07109375 0.00859375 0.046875
2 0.25 0.0171875 0.0078125 0.03359375
2 0.259375 0.021875 0.0109375 0.04375
0 0.3578125 0.03671875 0.0859375 0.0734375
0 0.0859375 0.4328125 0.17109375 0.34375
2 0.2078125 0.4765625 0.0109375 0.0578125
2 0.215625 0.471875 0.01171875 0.0578125
2 0.23125 0.4125 0.0140625 0.07109375
2 0.24765625 0.39375 0.0125 0.059375
2 0.2484375 0.4453125 0.0125 0.05625
2 0.2671875 0.36484375 0.01484375 0.05703125
2 0.27734375 0.35625 0.0125 0.0578125
2 0.2875 0.38515625 0.0109375 0.05390625
2 0.3 0.33046875 0.01328125 0.0578125
2 0.20234375 0.37109375 0.01328125 0.059375
2 0.19375 0.3546875 0.009375 0.0515625
2 0.184375 0.34296875 0.009375 0.059375
2 0.16953125 0.3625 0.0109375 0.04296875
2 0.1609375 0.33359375 0.0078125 0.04453125
2 0.22890625 0.26640625 0.01015625 0.0203125
2 0.240625 0.25078125 0.0078125 0.01953125
2 0.25078125 0.24296875 0.00703125 0.0125
2 0.25546875 0.23671875 0.00859375 0.01640625
2 0.2671875 0.22109375 0.01015625 0.028125
2 0.28359375 0.21328125 0.00703125 0.0390625
2 0.30703125 0.1734375 0.00703125 0.01640625
2 0.31484375 0.16171875 0.00703125 0.01484375
2 0.334375 0.134375 0.009375 0.04453125
2 0.34296875 0.1234375 0.00703125 0.0140625
2 0.35390625 0.1140625 0.00625 0.01640625
2 0.40703125 0.07578125 0.00859375 0.0515625
2 0.43828125 0.09453125 0.0109375 0.05234375
2 0.465625 0.07890625 0.009375 0.05
2 0.415625 0.1578125 0.01015625 0.05078125
2 0.403125 0.18515625 0.009375 0.0546875
2 0.390625 0.1953125 0.01015625 0.0578125
2 0.3609375 0.196875 0.009375 0.0421875
2 0.37578125 0.178125 0.0078125 0.03671875
2 0.3203125 0.2703125 0.009375 0.05859375
2 0.3171875 0.3328125 0.0109375 0.0546875
2 0.3609375 0.26953125 0.01015625 0.06171875
2 0.33984375 0.29765625 0.01171875 0.0546875
2 0.334375 0.2609375 0.009375 0.05625