2 0.93671875 0.89375 0.02109375 0.075
2 0.90703125 0.7859375 0.01796875 0.06953125
2 0.36953125 0.8234375 0.0125 0.071875
2 0.7453125 0.725 0.0171875 0.06484375
2 0.7875 0.57890625 0.01875 0.06875
2 0.76640625 0.6484375 0.0171875 0.06953125
2 0.81796875 0.43125 0.01328125 0.05703125
2 0.990625 0.5703125 0.015625 0.06875
1 0.6609375 0.60234375 0.09921875 0.22734375
0 0.5171875 0.81640625 0.17421875 0.36015625
1 0.728125 0.39453125 0.0859375 0.19453125
0 0.59609375 0.51796875 0.15 0.27890625
2 0.85625 0.384375 0.0125 0.04609375
2 0.29375 0.85703125 0.015625 0.06875
2 0.3265625 0.9609375 0.015625 0.078125
2 0.2390625 0.9609375 0.01640625 0.06484375
2 0.10078125 0.56640625 0.0109375 0.06328125
2 0.3015625 0.9796875 0.015625 0.040625
2 0.0671875 0.603125 0.0140625 0.07109375
2 0.0359375 0.2109375 0.01171875 0.05390625
2 0.14140625 0.05859375 0.01328125 0.0421875
2 0.13046875 0.10859375 0.01015625 0.05859375
2 0.225 0.05546875 0.01015625 0.02890625
2 0.20625 0.1 0.01328125 0.05703125
2 0.19921875 0.08125 0.00859375 0.03828125
2 0.21796875 0.03828125 0.0125 0.03671875
2 0.2640625 0.01875 0.0109375 0.03671875
2 0.3015625 0.0453125 0.01484375 0.04609375
2 0.33359375 0.01640625 0.009375 0.0328125
2 0.19453125 0.42890625 0.01171875 0.0625
2 0.2015625 0.3703125 0.01328125 0.06328125
2 0.24296875 0.35078125 0.0109375 0.05546875
2 0.2390625 0.38359375 0.01484375 0.0609375
2 0.48671875 0.0453125 0.00859375 0.04609375
2 0.4359375 0.08125 0.01015625 0.05390625
2 0.321875 0.26953125 0.01015625 0.04609375
2 0.2578125 0.33828125 0.0078125 0.05
2 0.33984375 0.25546875 0.015625 0.053125
2 0.378125 0.22578125 0.01015625 0.0515625
2 0.35234375 0.234375 0.0140625 0.053125
2 0.39453125 0.18359375 0.0140625 0.04765625
2 0.3359375 0.128125 0.01015625 0.0453125
2 0.39609375 0.0796875 0.009375 0.0328125
1 0.33515625 0.3546875 0.0921875 0.1640625
1 0.54765625 0.0515625 0.0734375 0.103125