1 0.2625 0.31484375 0.06875 0.1546875
1 0.83984375 0.62265625 0.1359375 0.21796875
2 0.15234375 0.3390625 0.01328125 0.034375
2 0.00703125 0.4359375 0.0140625 0.05234375
2 0.0171875 0.4234375 0.009375 0.0484375
2 0.08046875 0.496875 0.01875 0.06171875
2 0.0765625 0.36484375 0.01328125 0.040625
2 0.096875 0.3625 0.0140625 0.0578125
2 0.10390625 0.378125 0.01328125 0.0625
2 0.1734375 0.53046875 0.01484375 0.06328125
2 0.19375 0.5 0.0140625 0.0625
2 0.21015625 0.5125 0.01171875 0.0625
2 0.21953125 0.6125 0.0140625 0.0703125
2 0.23359375 0.60546875 0.0125 0.06953125
2 0.36328125 0.8421875 0.0109375 0.0703125
2 0.98828125 0.71953125 0.01484375 0.05703125
2 0.915625 0.559375 0.01328125 0.065625
2 0.7265625 0.3640625 0.01171875 0.06796875
2 0.76953125 0.346875 0.01171875 0.05703125
2 0.784375 0.35078125 0.009375 0.06015625
2 0.89296875 0.23125 0.009375 0.0453125
2 0.91796875 0.19609375 0.01015625 0.05703125
2 0.8125 0.1765625 0.00859375 0.05234375
2 0.68984375 0.30234375 0.0109375 0.0578125
2 0.68046875 0.27109375 0.0078125 0.0546875
2 0.66171875 0.22890625 0.009375 0.0515625
2 0.63359375 0.2203125 0.00859375 0.05
2 0.628125 0.2578125 0.009375 0.0484375
2 0.64296875 0.26171875 0.01015625 0.0515625
2 0.653125 0.2734375 0.0078125 0.053125
2 0.675 0.2453125 0.00859375 0.0421875