0 0.49375 0.86640625 0.18671875 0.2671875
1 0.5875 0.57734375 0.109375 0.21796875
2 0.8296875 0.4015625 0.0109375 0.03828125
2 0.81171875 0.6421875 0.01640625 0.06796875
2 0.653125 0.59375 0.01171875 0.078125
2 0.67734375 0.72421875 0.01796875 0.06875
2 0.796875 0.73203125 0.01796875 0.08125
2 0.7703125 0.68046875 0.01796875 0.071875
2 0.784375 0.5640625 0.015625 0.0640625
2 0.77421875 0.5515625 0.0203125 0.06328125
2 0.7546875 0.5203125 0.0125 0.07578125
2 0.734375 0.53046875 0.01171875 0.06171875
2 0.72109375 0.51953125 0.01484375 0.059375
2 0.74296875 0.5125 0.0125 0.0640625
2 0.7328125 0.478125 0.01328125 0.03515625
1 0.68984375 0.4984375 0.06171875 0.14296875
2 0.09140625 0.51953125 0.0125 0.06796875
2 0.046875 0.29921875 0.01328125 0.0515625
2 0.0625 0.253125 0.01484375 0.0515625
2 0.203125 0.3546875 0.01171875 0.05546875
2 0.2265625 0.334375 0.0140625 0.05546875
2 0.2765625 0.31171875 0.01015625 0.046875
2 0.0234375 0.10078125 0.01171875 0.03984375
2 0.05859375 0.12578125 0.01484375 0.05
2 0.08046875 0.08984375 0.009375 0.04296875
2 0.015625 0.07421875 0.0140625 0.03828125
2 0.065625 0.109375 0.0109375 0.046875
2 0.11875 0.05546875 0.0109375 0.04296875
2 0.1671875 0.05703125 0.009375 0.040625
2 0.290625 0.3375 0.01328125 0.05625
2 0.2453125 0.0703125 0.0125 0.0484375
2 0.2734375 0.03515625 0.00859375 0.04296875
2 0.28671875 0.0984375 0.0140625 0.046875
2 0.2875 0.06953125 0.01015625 0.03515625
2 0.30546875 0.090625 0.01015625 0.053125
2 0.325 0.1171875 0.01328125 0.0453125
2 0.3171875 0.10625 0.0078125 0.04375
2 0.44296875 0.11640625 0.0125 0.0546875
2 0.3953125 0.18046875 0.00859375 0.0546875
2 0.334375 0.14921875 0.01171875 0.02109375
2 0.34453125 0.27421875 0.00703125 0.02578125
2 0.30078125 0.31640625 0.009375 0.0609375
2 0.3140625 0.29609375 0.0109375 0.06875
2 0.31953125 0.26796875 0.00859375 0.0640625
2 0.32890625 0.25625 0.00859375 0.0734375
2 0.34140625 0.24921875 0.01171875 0.06796875
0 0.11484375 0.36875 0.18515625 0.284375
0 0.378125 0.03828125 0.11796875 0.07421875
0 0.390625 0.3015625 0.153125 0.23203125
0 0.51875 0.15390625 0.08515625 0.20859375