2 0.99140625 0.14296875 0.00625 0.03203125
2 0.97265625 0.153125 0.00703125 0.0359375
2 0.97265625 0.19375 0.00703125 0.0296875
2 0.9796875 0.27109375 0.009375 0.025
2 0.94765625 0.2109375 0.0078125 0.01796875
2 0.91484375 0.27890625 0.01015625 0.02734375
2 0.84453125 0.34609375 0.01015625 0.03125
2 0.75859375 0.33671875 0.009375 0.03359375
2 0.95234375 0.32265625 0.009375 0.03359375
2 0.96015625 0.3390625 0.0078125 0.03203125
2 0.90234375 0.32734375 0.00703125 0.03671875
2 0.8078125 0.42109375 0.0109375 0.03515625
2 0.83125 0.43203125 0.009375 0.04140625
2 0.86015625 0.446875 0.01015625 0.034375
2 0.99375 0.446875 0.0078125 0.03203125
2 0.984375 0.46875 0.00703125 0.03515625
2 0.96484375 0.47421875 0.009375 0.03125
2 0.99375 0.5984375 0.00859375 0.0375
2 0.91484375 0.6109375 0.0078125 0.04140625
2 0.934375 0.65859375 0.0109375 0.0328125
2 0.875 0.478125 0.01171875 0.028125
2 0.8203125 0.478125 0.009375 0.03125
2 0.76953125 0.63515625 0.00703125 0.01484375
2 0.734375 0.6109375 0.01328125 0.02890625
2 0.696875 0.56875 0.01171875 0.0390625
2 0.6859375 0.575 0.00859375 0.03671875
2 0.67890625 0.62578125 0.009375 0.0421875
2 0.65859375 0.61484375 0.00859375 0.040625
2 0.6640625 0.64296875 0.0125 0.04765625
2 0.58125 0.5953125 0.00859375 0.034375
2 0.55390625 0.58359375 0.009375 0.040625
2 0.575 0.61328125 0.01171875 0.04140625
2 0.54296875 0.58984375 0.01171875 0.0484375
2 0.53125 0.6046875 0.01484375 0.0453125
2 0.534375 0.54765625 0.01171875 0.0375
2 0.47890625 0.5578125 0.0125 0.0375
2 0.990625 0.7828125 0.0109375 0.040625
2 0.984375 0.70390625 0.0125 0.0375
2 0.97109375 0.47890625 0.009375 0.02421875
2 0.57578125 0.35234375 0.00703125 0.03046875
2 0.44140625 0.5796875 0.009375 0.04765625
2 0.43515625 0.5828125 0.0109375 0.04609375
2 0.3828125 0.57109375 0.01015625 0.0296875
2 0.37578125 0.5734375 0.0109375 0.03984375
2 0.35703125 0.56171875 0.009375 0.0359375
2 0.3546875 0.5484375 0.0046875 0.02734375
2 0.3328125 0.58125 0.0078125 0.0328125
2 0.30390625 0.559375 0.009375 0.0359375
2 0.29375 0.52734375 0.00859375 0.0390625
2 0.26328125 0.54140625 0.0078125 0.034375
2 0.2078125 0.41484375 0.009375 0.03046875
2 0.4109375 0.33359375 0.00703125 0.0203125
2 0.20390625 0.275 0.01171875 0.0359375
2 0.19609375 0.27265625 0.0078125 0.0328125
2 0.16171875 0.3828125 0.0109375 0.02578125
2 0.15390625 0.50546875 0.01015625 0.03125
0 0.16796875 0.64453125 0.15234375 0.11328125
0 0.790625 0.7078125 0.1765625 0.1578125
0 0.94375 0.0953125 0.08125 0.01015625
2 0.971875 0.8765625 0.01171875 0.04375
2 0.98046875 0.87578125 0.01015625 0.05