2 0.18984375 0.91640625 0.01953125 0.0796875
2 0.25625 0.7015625 0.01484375 0.0796875
2 0.1234375 0.75390625 0.0109375 0.07109375
2 0.0546875 0.48359375 0.01328125 0.065625
2 0.225 0.6375 0.01328125 0.06953125
2 0.2265625 0.56953125 0.0140625 0.0640625
2 0.2921875 0.690625 0.01171875 0.07109375
2 0.29609375 0.73984375 0.009375 0.04296875
2 0.21875 0.478125 0.01328125 0.06796875
2 0.3203125 0.65625 0.01171875 0.08125
2 0.34609375 0.66640625 0.01171875 0.06796875
2 0.38515625 0.66796875 0.009375 0.06015625
2 0.4015625 0.8859375 0.01015625 0.06015625
2 0.31484375 0.503125 0.01640625 0.0484375
2 0.2 0.41796875 0.0078125 0.06015625
2 0.2046875 0.44140625 0.0171875 0.04609375
2 0.42890625 0.93125 0.01328125 0.0640625
2 0.434375 0.8453125 0.01328125 0.06328125
2 0.46796875 0.8453125 0.01640625 0.06875
0 0.3515625 0.484375 0.12109375 0.30390625
2 0.01953125 0.3609375 0.0109375 0.0609375
2 0.5046875 0.7140625 0.00859375 0.06875
2 0.43671875 0.98359375 0.01328125 0.03046875
2 0.7125 0.89609375 0.0140625 0.0640625
2 0.709375 0.8453125 0.01640625 0.06640625
2 0.63203125 0.871875 0.01875 0.07109375
2 0.6515625 0.9109375 0.02421875 0.08125
2 0.6359375 0.96796875 0.01875 0.05703125
2 0.74453125 0.69765625 0.01875 0.05703125
2 0.8703125 0.93203125 0.0171875 0.0703125
2 0.8515625 0.909375 0.0296875 0.0703125
2 0.93125 0.9125 0.02265625 0.065625
2 0.97578125 0.9046875 0.01796875 0.075
2 0.89921875 0.55546875 0.0171875 0.06015625
2 0.9296875 0.57578125 0.01484375 0.0546875
2 0.89765625 0.5109375 0.0109375 0.0359375
2 0.75234375 0.45 0.015625 0.0671875
2 0.78046875 0.31328125 0.01328125 0.06953125
2 0.55625 0.121875 0.015625 0.05234375
2 0.75546875 0.35703125 0.0109375 0.05234375
2 0.75 0.40859375 0.01484375 0.0578125
2 0.75859375 0.40625 0.01328125 0.0625
2 0.73359375 0.3625 0.00703125 0.059375
2 0.72578125 0.36796875 0.01171875 0.06015625
2 0.70546875 0.31015625 0.01171875 0.05078125
2 0.69296875 0.2625 0.01171875 0.05546875
2 0.6703125 0.25546875 0.01328125 0.065625
2 0.5921875 0.165625 0.009375 0.0484375
2 0.63984375 0.2796875 0.0125 0.06328125
2 0.63359375 0.21796875 0.0109375 0.05
2 0.61796875 0.24453125 0.0125 0.05234375
2 0.62578125 0.26796875 0.0109375 0.05
2 0.7234375 0.21796875 0.00859375 0.0359375
2 0.6578125 0.228125 0.00703125 0.04609375
2 0.67734375 0.27734375 0.0109375 0.065625
2 0.94375 0.2640625 0.0109375 0.05078125
2 0.86015625 0.2125 0.0125 0.0546875
2 0.9109375 0.21953125 0.0125 0.0578125
2 0.95546875 0.18828125 0.01171875 0.04140625
2 0.5875 0.14453125 0.009375 0.04609375
2 0.5890625 0.0703125 0.009375 0.04765625
2 0.55 0.0359375 0.01015625 0.0453125
2 0.603125 0.2078125 0.00859375 0.05
2 0.709375 0.06953125 0.01015625 0.04296875
2 0.76484375 0.059375 0.01171875 0.04609375
2 0.8 0.046875 0.0109375 0.04140625
2 0.78125 0.11484375 0.0109375 0.04921875
2 0.81171875 0.16796875 0.01015625 0.0515625
2 0.8484375 0.109375 0.009375 0.04609375
2 0.96328125 0.18984375 0.01015625 0.0421875
2 0.96015625 0.18125 0.00703125 0.04140625
2 0.89609375 0.125 0.01015625 0.0453125
2 0.92578125 0.03828125 0.01171875 0.04296875
2 0.90078125 0.08359375 0.0109375 0.03828125
2 0.68125 0.03046875 0.00859375 0.053125
2 0.68828125 0.0203125 0.003125 0.03125
2 0.63671875 0.09765625 0.00625 0.03125
2 0.66796875 0.15078125 0.00703125 0.02265625
2 0.7171875 0.2265625 0.00625 0.02734375
2 0.771875 0.26796875 0.0125 0.0203125
1 0.690625 0.38984375 0.090625 0.17265625
0 0.546875 0.24140625 0.1265625 0.22890625