1 0.2921875 0.42890625 0.096875 0.20390625
1 0.590625 0.27578125 0.090625 0.15625
0 0.73515625 0.1875 0.15703125 0.2515625
0 0.53984375 0.865625 0.21015625 0.265625
0 0.4984375 0.66796875 0.2015625 0.340625
2 0.19609375 0.58828125 0.0171875 0.053125
2 0.20703125 0.39453125 0.01171875 0.06953125
2 0.18203125 0.41171875 0.01328125 0.06171875
2 0.22421875 0.45390625 0.015625 0.059375
2 0.253125 0.68515625 0.01015625 0.071875
2 0.265625 0.61015625 0.009375 0.06328125
2 0.2703125 0.64453125 0.0171875 0.0625
2 0.3609375 0.690625 0.0171875 0.06328125
2 0.31015625 0.70703125 0.00859375 0.0625
2 0.3328125 0.715625 0.0140625 0.06328125
2 0.2421875 0.4390625 0.0125 0.059375
2 0.540625 0.0984375 0.0109375 0.053125
2 0.67890625 0.028125 0.009375 0.0390625
2 0.69140625 0.03984375 0.0125 0.040625
2 0.790625 0.4390625 0.01953125 0.06796875
2 0.91484375 0.5 0.0046875 0.0578125
2 0.58515625 0.15703125 0.0140625 0.04609375
2 0.80390625 0.378125 0.01015625 0.053125
2 0.75078125 0.39921875 0.0125 0.06484375
2 0.78203125 0.3203125 0.01171875 0.053125
2 0.91484375 0.315625 0.0125 0.05234375
2 0.86015625 0.2953125 0.00703125 0.05078125
2 0.76015625 0.3453125 0.0109375 0.05
2 0.696875 0.36015625 0.015625 0.0703125
2 0.93984375 0.26640625 0.01640625 0.04296875
2 0.9609375 0.253125 0.01484375 0.0546875
2 0.8859375 0.0546875 0.009375 0.04609375
2 0.83515625 0.16484375 0.01328125 0.05234375
2 0.846875 0.08828125 0.01640625 0.040625
2 0.82890625 0.13359375 0.009375 0.04296875
2 0.84765625 0.27734375 0.0140625 0.05703125
2 0.67421875 0.32421875 0.0109375 0.065625
2 0.6765625 0.26640625 0.0109375 0.0515625
2 0.65546875 0.290625 0.01015625 0.06328125
2 0.62421875 0.23828125 0.00625 0.04609375
2 0.61875 0.215625 0.0015625 0.00078125
2 0.6390625 0.23671875 0.01171875 0.06640625
2 0.6484375 0.2640625 0.0078125 0.06015625
2 0.5765625 0.10390625 0.0078125 0.04375