0 0.50546875 0.85859375 0.1921875 0.2828125
0 0.3515625 0.59921875 0.11796875 0.24609375
0 0.2828125 0.36875 0.09296875 0.19609375
2 0.07890625 0.103125 0.0109375 0.04453125
2 0.3421875 0.27421875 0.0125 0.06640625
2 0.22734375 0.484375 0.01328125 0.06328125
2 0.29921875 0.73515625 0.0203125 0.05703125
2 0.2375 0.68203125 0.02421875 0.0796875
2 0.2109375 0.46171875 0.0140625 0.06875
2 0.21328125 0.440625 0.0125 0.06640625
2 0.2328125 0.453125 0.0125 0.07890625
2 0.24375 0.42890625 0.0125 0.0578125
2 0.24453125 0.39921875 0.0109375 0.0453125
2 0.23046875 0.40234375 0.0125 0.046875
2 0.2296875 0.37109375 0.01171875 0.0328125
2 0.93671875 0.21953125 0.01640625 0.05625
2 0.83515625 0.05390625 0.015625 0.04921875
2 0.796875 0.06171875 0.01484375 0.04453125
2 0.85546875 0.03515625 0.0109375 0.04609375
2 0.77734375 0.1 0.0140625 0.05234375
2 0.759375 0.10390625 0.01015625 0.04921875
2 0.753125 0.1046875 0.00703125 0.053125
2 0.71796875 0.0390625 0.0125 0.04921875
2 0.6484375 0.1015625 0.00703125 0.03515625
2 0.57421875 0.13046875 0.0125 0.0515625
2 0.5875 0.18984375 0.01171875 0.06640625
2 0.60234375 0.18359375 0.0140625 0.05859375
2 0.59375 0.21953125 0.01328125 0.06171875
2 0.6296875 0.26484375 0.01171875 0.0609375
2 0.61640625 0.2234375 0.0140625 0.0578125
2 0.62421875 0.209375 0.01015625 0.05546875
2 0.8109375 0.4546875 0.015625 0.07265625
2 0.81640625 0.37890625 0.0125 0.04609375
2 0.76796875 0.3515625 0.01875 0.059375
2 0.75234375 0.3953125 0.01484375 0.06328125
2 0.72421875 0.35546875 0.0109375 0.06328125
2 0.7109375 0.33203125 0.01484375 0.06875
2 0.69375 0.30625 0.01171875 0.0609375
2 0.68984375 0.25546875 0.009375 0.03828125
2 0.66953125 0.2890625 0.0171875 0.06328125
2 0.6375 0.1859375 0.0109375 0.0546875
2 0.67109375 0.2578125 0.0078125 0.0390625
2 0.66171875 0.253125 0.0109375 0.05390625
2 0.65 0.2375 0.00859375 0.05546875
2 0.67265625 0.2421875 0.00703125 0.04453125
2 0.62265625 0.17265625 0.009375 0.0296875
2 0.609375 0.1609375 0.0078125 0.02890625
2 0.66484375 0.14921875 0.009375 0.0265625
2 0.76953125 0.88984375 0.0171875 0.07578125
2 0.91328125 0.81015625 0.01875 0.07890625
2 0.89375 0.971875 0.02265625 0.053125
2 0.91953125 0.91328125 0.0234375 0.07890625
2 0.93125 0.95859375 0.02421875 0.0734375
2 0.965625 0.9671875 0.02578125 0.065625
2 0.97890625 0.9328125 0.01484375 0.05078125
2 0.971875 0.90859375 0.01640625 0.075
2 0.9625 0.89375 0.01484375 0.0734375
2 0.95625 0.859375 0.0203125 0.078125
0 0.64296875 0.040625 0.08828125 0.08125
0 0.74375 0.19921875 0.15859375 0.25546875