2 0.2921875 0.5296875 0.00703125 0.03203125
2 0.45078125 0.55703125 0.009375 0.0359375
2 0.51796875 0.5984375 0.00859375 0.04140625
2 0.51796875 0.55390625 0.0078125 0.0328125
2 0.5265625 0.5625 0.0140625 0.03828125
2 0.55390625 0.571875 0.00625 0.034375
2 0.57578125 0.6109375 0.00859375 0.04296875
2 0.5984375 0.6109375 0.01328125 0.034375
2 0.58046875 0.5828125 0.00859375 0.0390625
2 0.5703125 0.5859375 0.0078125 0.03515625
2 0.3 0.33984375 0.0046875 0.0375
2 0.25 0.3875 0.00625 0.02890625
2 0.3078125 0.3484375 0.00703125 0.02109375
2 0.6328125 0.36796875 0.00703125 0.03046875
2 0.17890625 0.31328125 0.0046875 0.0171875
2 0.228125 0.5546875 0.0046875 0.04140625
2 0.2328125 0.540625 0.0078125 0.03828125
2 0.23984375 0.55390625 0.009375 0.02734375
2 0.64921875 0.48984375 0.00859375 0.03046875
2 0.6640625 0.59453125 0.01171875 0.03515625
2 0.67890625 0.58125 0.0078125 0.03359375
2 0.68203125 0.625 0.009375 0.04375
2 0.6703125 0.6421875 0.0109375 0.034375
2 0.7296875 0.653125 0.0078125 0.04453125
2 0.74140625 0.61015625 0.009375 0.0421875
2 0.75625 0.65546875 0.01015625 0.04453125
2 0.77890625 0.66953125 0.00859375 0.03828125
2 0.81640625 0.671875 0.009375 0.04296875
2 0.72578125 0.3609375 0.00625 0.03203125
2 0.72890625 0.3671875 0.0078125 0.03359375
2 0.8 0.303125 0.00625 0.02578125
2 0.8078125 0.30234375 0.009375 0.03203125
2 0.90234375 0.4828125 0.00703125 0.03984375
2 0.953125 0.65078125 0.01015625 0.0328125
2 0.96171875 0.66328125 0.0109375 0.03828125
2 0.903125 0.26796875 0.00625 0.02578125
2 0.9953125 0.7359375 0.009375 0.0375
2 0.9453125 0.20234375 0.00703125 0.02890625
2 0.96796875 0.196875 0.00546875 0.02421875
2 0.98125 0.1640625 0.00625 0.02578125