2 0.56484375 0.83203125 0.01953125 0.06484375
2 0.36484375 0.8703125 0.0203125 0.07265625
0 0.53046875 0.8890625 0.15546875 0.221875
0 0.39609375 0.68671875 0.11640625 0.24296875
2 0.1453125 0.93828125 0.02734375 0.0828125
2 0.0421875 0.87421875 0.01796875 0.08046875
2 0.365625 0.7859375 0.02109375 0.0765625
2 0.096875 0.81875 0.01796875 0.07734375
2 0.11484375 0.75234375 0.0203125 0.08125
2 0.06171875 0.79453125 0.0140625 0.084375
2 0.07421875 0.7953125 0.0140625 0.07890625
2 0.3046875 0.725 0.01484375 0.05078125
2 0.2890625 0.70390625 0.01875 0.071875
2 0.23828125 0.71171875 0.01953125 0.0734375
2 0.24921875 0.6734375 0.01484375 0.0703125
2 0.2890625 0.6609375 0.0109375 0.03203125
2 0.2859375 0.61171875 0.02109375 0.04375
1 0.16015625 0.07890625 0.0515625 0.08984375
2 0.21484375 0.34453125 0.0140625 0.06640625
2 0.19375 0.37265625 0.0140625 0.05703125
2 0.19140625 0.53203125 0.01328125 0.0703125
2 0.23203125 0.55546875 0.015625 0.05234375
2 0.22890625 0.49765625 0.0125 0.0609375
2 0.21796875 0.49296875 0.01171875 0.0671875
2 0.2046875 0.41953125 0.0109375 0.04921875
2 0.2109375 0.4484375 0.01171875 0.05859375
0 0.40703125 0.05234375 0.07421875 0.096875
2 0.4671875 0.02265625 0.0125 0.0453125
0 0.78515625 0.728125 0.13515625 0.2546875
0 0.82734375 0.634375 0.2109375 0.3390625
2 0.83125 0.5 0.015625 0.0578125
2 0.90859375 0.5296875 0.015625 0.05703125
2 0.99140625 0.328125 0.01640625 0.0625
2 0.7921875 0.42734375 0.0125 0.05859375
2 0.8640625 0.23203125 0.01328125 0.05
2 0.87421875 0.2140625 0.0125 0.06328125
2 0.84453125 0.1546875 0.01171875 0.05546875
2 0.85703125 0.0984375 0.0109375 0.04609375
2 0.87890625 0.0296875 0.01015625 0.046875
2 0.84375 0.10234375 0.009375 0.0453125
2 0.85390625 0.06015625 0.0109375 0.0328125
2 0.8453125 0.071875 0.0109375 0.0265625
2 0.8171875 0.03125 0.0109375 0.04375
2 0.80625 0.03984375 0.00859375 0.040625
2 0.74765625 0.05703125 0.009375 0.04375
2 0.7453125 0.01640625 0.01328125 0.03125
2 0.715625 0.0296875 0.01015625 0.03828125
2 0.70859375 0.02421875 0.0140625 0.0484375
2 0.69921875 0.02890625 0.00859375 0.04921875
2 0.6875 0.0328125 0.01171875 0.0421875
2 0.62578125 0.034375 0.1046875 0.06875
2 0.6375 0.1015625 0.01015625 0.02578125
2 0.578125 0.17734375 0.0109375 0.05703125
2 0.590625 0.1515625 0.009375 0.05078125
2 0.5734375 0.1484375 0.0125 0.0359375
2 0.58515625 0.125 0.01171875 0.03125
2 0.68984375 0.16875 0.00859375 0.0203125
2 0.71171875 0.1921875 0.01015625 0.0234375
2 0.70703125 0.178125 0.0109375 0.0265625
2 0.6015625 0.18203125 0.00859375 0.0359375
2 0.603125 0.225 0.0109375 0.065625
2 0.61875 0.2546875 0.0109375 0.0484375
2 0.61640625 0.225 0.01015625 0.04140625
2 0.63125 0.22265625 0.009375 0.03046875
2 0.63046875 0.26640625 0.01171875 0.0640625
2 0.6375 0.26640625 0.00859375 0.06015625
2 0.65 0.23203125 0.009375 0.06015625
2 0.6515625 0.29921875 0.01015625 0.0609375
2 0.66015625 0.23125 0.009375 0.0328125
2 0.65625 0.271875 0.01015625 0.0609375
2 0.66953125 0.325 0.01015625 0.06640625
2 0.6734375 0.2625 0.0078125 0.046875
2 0.68984375 0.29609375 0.01328125 0.05859375
2 0.675 0.33515625 0.01171875 0.0625
2 0.6984375 0.34140625 0.0109375 0.0625
2 0.7078125 0.37734375 0.0125 0.06484375
2 0.7234375 0.35546875 0.0140625 0.06328125
2 0.72421875 0.3265625 0.01015625 0.03828125
2 0.73671875 0.346875 0.01328125 0.06171875
2 0.7328125 0.42109375 0.0125 0.06953125
2 0.7359375 0.37734375 0.00859375 0.015625
2 0.73984375 0.41015625 0.0203125 0.059375
2 0.76796875 0.39609375 0.01484375 0.06796875
2 0.7640625 0.34609375 0.01328125 0.04140625
2 0.78125 0.34296875 0.0125 0.05859375
2 0.79921875 0.33984375 0.01484375 0.059375
2 0.8171875 0.328125 0.0140625 0.0328125
2 0.8109375 0.3640625 0.0171875 0.05
2 0.91796875 0.16953125 0.01015625 0.0421875
2 0.92109375 0.0859375 0.01015625 0.05