0 0.57734375 0.6484375 0.16875 0.1328125
2 0.9078125 0.3953125 0.0078125 0.03203125
2 0.9515625 0.5125 0.009375 0.0265625
2 0.8546875 0.52421875 0.00859375 0.03515625
2 0.91875 0.35625 0.01171875 0.03515625
2 0.80078125 0.19921875 0.0046875 0.0328125
2 0.69296875 0.37109375 0.01015625 0.04375
2 0.81875 0.434375 0.009375 0.02421875
2 0.74375 0.56328125 0.0125 0.028125
2 0.71953125 0.53359375 0.0140625 0.03125
2 0.7015625 0.5234375 0.00859375 0.03828125
2 0.6796875 0.5515625 0.0109375 0.0359375
2 0.3546875 0.39296875 0.00703125 0.0296875
2 0.34375 0.40078125 0.01015625 0.03359375
2 0.41328125 0.5875 0.00625 0.040625
2 0.403125 0.5875 0.0109375 0.0390625
2 0.3796875 0.61484375 0.0109375 0.03359375
2 0.3390625 0.6015625 0.00859375 0.03828125
2 0.3734375 0.60234375 0.00859375 0.03359375
2 0.36640625 0.603125 0.00703125 0.0265625
2 0.334375 0.55234375 0.00859375 0.0328125
2 0.33203125 0.63671875 0.009375 0.03828125
2 0.21015625 0.6375 0.009375 0.034375
2 0.25234375 0.40390625 0.00859375 0.0328125
2 0.30703125 0.365625 0.01015625 0.0359375
2 0.221875 0.40546875 0.01015625 0.0296875
2 0.21171875 0.4140625 0.009375 0.03671875
2 0.2609375 0.34921875 0.0078125 0.0328125
2 0.253125 0.353125 0.00859375 0.0375
2 0.12421875 0.56953125 0.00703125 0.03828125
2 0.13203125 0.60234375 0.0078125 0.0390625
2 0.003125 0.5609375 0.00546875 0.02890625
2 0.03984375 0.4484375 0.01015625 0.0265625
2 0.03984375 0.49921875 0.0078125 0.03359375
2 0.01953125 0.4796875 0.00625 0.0296875
2 0.04296875 0.38046875 0.00703125 0.03984375
2 0.03515625 0.3890625 0.00625 0.02578125
2 0.03828125 0.32578125 0.00625 0.02734375
2 0.0875 0.30859375 0.00625 0.028125
2 0.08359375 0.30625 0.0078125 0.02890625
2 0.06796875 0.3265625 0.00703125 0.02734375
2 0.06484375 0.32578125 0.00625 0.02890625
2 0.02890625 0.27578125 0.0078125 0.02578125
2 0.0375 0.19765625 0.00703125 0.03046875
2 0.0203125 0.175 0.00625 0.0234375
2 0.015625 0.13671875 0.00546875 0.025
2 0.025 0.11796875 0.00625 0.025