2 0.75703125 0.66484375 0.01640625 0.0578125
2 0.965625 0.7328125 0.015625 0.05390625
2 0.7828125 0.628125 0.01328125 0.04609375
2 0.7453125 0.6453125 0.01015625 0.0421875
2 0.7359375 0.63828125 0.0140625 0.04140625
2 0.7671875 0.62578125 0.009375 0.040625
2 0.72265625 0.62265625 0.009375 0.04609375
2 0.7109375 0.6375 0.01015625 0.04453125
2 0.76015625 0.51328125 0.009375 0.03515625
2 0.7375 0.53828125 0.009375 0.03671875
2 0.6640625 0.6015625 0.0078125 0.0453125
2 0.696875 0.63359375 0.0078125 0.04140625
2 0.68203125 0.5578125 0.00859375 0.0375
2 0.675 0.5640625 0.00859375 0.03359375
2 0.6875 0.596875 0.0078125 0.04140625
2 0.70859375 0.590625 0.0078125 0.0375
2 0.6625 0.4984375 0.01015625 0.040625
2 0.6171875 0.5609375 0.0125 0.0375
2 0.565625 0.52265625 0.01015625 0.03203125
2 0.50859375 0.49375 0.0078125 0.0296875
2 0.4921875 0.5046875 0.00703125 0.0234375
2 0.4765625 0.49296875 0.009375 0.0203125
2 0.575 0.38046875 0.00625 0.01953125
2 0.5375 0.371875 0.00703125 0.028125
2 0.40390625 0.5078125 0.009375 0.0375
2 0.55078125 0.35078125 0.0046875 0.01796875
2 0.43828125 0.4390625 0.00703125 0.03203125
2 0.43359375 0.45 0.0078125 0.03515625
2 0.37109375 0.53203125 0.01328125 0.040625
2 0.29296875 0.571875 0.01015625 0.03515625
2 0.30546875 0.55625 0.00859375 0.0359375
2 0.5140625 0.34765625 0.0078125 0.03046875
2 0.6015625 0.16796875 0.00546875 0.0171875
2 0.51484375 0.196875 0.00625 0.01796875
2 0.48828125 0.221875 0.003125 0.0171875
2 0.459375 0.2359375 0.003125 0.021875
2 0.47109375 0.22578125 0.0046875 0.01953125
2 0.45078125 0.2359375 0.0046875 0.01953125
2 0.44453125 0.2421875 0.0046875 0.02109375
2 0.45078125 0.18671875 0.0046875 0.0171875
2 0.44765625 0.190625 0.0046875 0.015625
2 0.45234375 0.171875 0.00390625 0.01640625
2 0.39140625 0.26953125 0.00625 0.0234375
2 0.38515625 0.2734375 0.00546875 0.02578125
2 0.3625 0.26171875 0.00625 0.0203125
2 0.3625 0.28671875 0.0046875 0.01953125
0 0.56328125 0.2015625 0.06640625 0.0546875