0 0.74296875 0.1375 0.06484375 0.18828125
1 0.54296875 0.05625 0.07578125 0.1125
1 0.8328125 0.09296875 0.03984375 0.08671875
0 0.36640625 0.07890625 0.12734375 0.15703125
2 0.04453125 0.20859375 0.0171875 0.05078125
2 0.0296875 0.16171875 0.01015625 0.05546875
2 0.071875 0.13515625 0.015625 0.04296875
2 0.24765625 0.07578125 0.009375 0.04296875
2 0.153125 0.09609375 0.00859375 0.0578125
2 0.1453125 0.17578125 0.01015625 0.04609375
2 0.08359375 0.13984375 0.0109375 0.0453125
2 0.11484375 0.19140625 0.00859375 0.0546875
2 0.1421875 0.35234375 0.0140625 0.04296875
2 0.22578125 0.2625 0.01015625 0.034375
2 0.2046875 0.2734375 0.0109375 0.05703125
2 0.215625 0.31796875 0.01171875 0.05078125
2 0.05546875 0.6265625 0.01796875 0.07265625
2 0.11171875 0.575 0.0171875 0.0671875
2 0.1328125 0.57265625 0.0140625 0.0625
2 0.08046875 0.653125 0.0171875 0.0703125
2 0.1125 0.68046875 0.0140625 0.0765625
2 0.16796875 0.73046875 0.02265625 0.0859375
2 0.04296875 0.8609375 0.01328125 0.071875
2 0.00625 0.871875 0.01171875 0.06953125
2 0.05625 0.9140625 0.0125 0.05078125
2 0.09921875 0.934375 0.0171875 0.06328125
2 0.2453125 0.35078125 0.00546875 0.06015625
2 0.134375 0.9546875 0.021875 0.06484375
2 0.29140625 0.92578125 0.01875 0.0765625
2 0.33046875 0.96328125 0.01875 0.06953125
2 0.3546875 0.96484375 0.01640625 0.0703125
2 0.35703125 0.88515625 0.01328125 0.059375
2 0.37890625 0.91484375 0.01484375 0.06171875
2 0.37890625 0.84453125 0.01875 0.06484375
2 0.40078125 0.9359375 0.01484375 0.07265625
2 0.4234375 0.95625 0.01640625 0.0796875
2 0.40625 0.86015625 0.0171875 0.0671875
2 0.425 0.8125 0.0171875 0.0625
2 0.546875 0.90625 0.0171875 0.071875
2 0.5453125 0.965625 0.015625 0.06796875
2 0.57109375 0.92109375 0.0140625 0.07265625
2 0.6046875 0.76875 0.0171875 0.08203125
2 0.60625 0.86484375 0.01484375 0.075
2 0.59375 0.8859375 0.01484375 0.06328125
2 0.646875 0.82265625 0.0125 0.053125
2 0.63046875 0.84765625 0.01484375 0.06796875
2 0.6421875 0.7390625 0.015625 0.07265625
2 0.2640625 0.3546875 0.01171875 0.05234375
2 0.28515625 0.3390625 0.0140625 0.03671875
2 0.296875 0.3234375 0.01171875 0.059375
2 0.32109375 0.328125 0.01171875 0.06171875
2 0.3078125 0.30234375 0.0140625 0.0578125
2 0.3359375 0.30234375 0.0140625 0.05546875
0 0.23671875 0.51640625 0.17890625 0.30078125
2 0.328125 0.284375 0.0109375 0.0484375
2 0.3265625 0.253125 0.0109375 0.01953125
2 0.3328125 0.24609375 0.0125 0.04140625
2 0.38515625 0.2359375 0.01015625 0.05078125
2 0.3875 0.1953125 0.01171875 0.04453125
2 0.40546875 0.17109375 0.01328125 0.046875
2 0.421875 0.1671875 0.00859375 0.0546875
2 0.41953125 0.18359375 0.01015625 0.046875
2 0.45078125 0.115625 0.0140625 0.05078125
2 0.44296875 0.09375 0.01171875 0.0453125
2 0.47109375 0.078125 0.0109375 0.04296875
2 0.88984375 0.88125 0.0140625 0.06875
2 0.95703125 0.8578125 0.0109375 0.07421875
2 0.928125 0.86484375 0.0171875 0.078125
2 0.9796875 0.41171875 0.0171875 0.0640625
2 0.971875 0.4015625 0.01171875 0.06171875
2 0.8453125 0.57421875 0.01484375 0.059375
2 0.83515625 0.634375 0.0140625 0.0625
2 0.81328125 0.6640625 0.01953125 0.0625
2 0.79296875 0.71796875 0.01484375 0.07421875
2 0.7859375 0.70859375 0.01484375 0.071875
2 0.71640625 0.7375 0.0109375 0.0578125
2 0.7359375 0.73984375 0.0140625 0.06484375
2 0.79453125 0.58203125 0.01484375 0.07578125
2 0.79140625 0.440625 0.0109375 0.05859375
2 0.79140625 0.44921875 0.01015625 0.05234375
2 0.78671875 0.48125 0.0140625 0.06171875
2 0.7734375 0.49609375 0.01640625 0.05078125
2 0.76796875 0.50078125 0.01328125 0.04140625
2 0.77109375 0.54609375 0.01484375 0.0640625
2 0.77421875 0.62734375 0.01015625 0.065625
2 0.7625 0.6015625 0.0078125 0.07265625
2 0.75546875 0.57578125 0.01484375 0.07109375
2 0.7265625 0.5703125 0.01015625 0.06171875
2 0.740625 0.58828125 0.00703125 0.03359375
2 0.7109375 0.6109375 0.01328125 0.0671875
2 0.74140625 0.64375 0.0109375 0.0625
2 0.7375 0.628125 0.0140625 0.0609375
2 0.71015625 0.6984375 0.01640625 0.06796875
2 0.70703125 0.678125 0.0140625 0.065625
2 0.68984375 0.66953125 0.01328125 0.07578125
2 0.684375 0.71015625 0.01484375 0.07109375
2 0.68046875 0.740625 0.01484375 0.03671875
2 0.56171875 0.975 0.01171875 0.03515625
2 0.759375 0.5296875 0.0078125 0.05234375