0 0.81796875 0.72734375 0.1828125 0.1359375
0 0.528125 0.66328125 0.17734375 0.13046875
2 0.27890625 0.5625 0.01484375 0.04765625
2 0.28515625 0.5234375 0.01328125 0.04296875
2 0.55390625 0.5671875 0.009375 0.040625
2 0.57890625 0.584375 0.01015625 0.0421875
2 0.471875 0.5859375 0.01015625 0.04296875
2 0.621875 0.63203125 0.01484375 0.03984375
2 0.66484375 0.6234375 0.0078125 0.0453125
2 0.6421875 0.6234375 0.01015625 0.040625
2 0.6625 0.590625 0.00625 0.03515625
2 0.70703125 0.5859375 0.00703125 0.04765625
2 0.74765625 0.64765625 0.01015625 0.03125
2 0.9578125 0.428125 0.0078125 0.03828125
2 0.9546875 0.490625 0.0078125 0.0296875
2 0.97109375 0.48203125 0.0109375 0.03203125
2 0.98828125 0.4828125 0.01015625 0.03359375
2 0.98828125 0.56015625 0.0109375 0.0390625
2 0.89765625 0.6125 0.01171875 0.0359375
2 0.81875 0.6265625 0.0125 0.0390625
2 0.7875 0.6625 0.01171875 0.02109375
2 0.81484375 0.66015625 0.01015625 0.02421875
2 0.96171875 0.75390625 0.01015625 0.04765625
2 0.9703125 0.7515625 0.01015625 0.0390625
2 0.9828125 0.7453125 0.01171875 0.03203125
2 0.98671875 0.77421875 0.009375 0.03515625
2 0.9875 0.7078125 0.00859375 0.0375
2 0.996875 0.7125 0.00625 0.04609375
2 0.9265625 0.2828125 0.0078125 0.03046875
2 0.8765625 0.27421875 0.01015625 0.0265625
2 0.8046875 0.30390625 0.00703125 0.0296875
2 0.7953125 0.3 0.00625 0.03671875
2 0.92890625 0.31796875 0.0109375 0.025
2 0.98203125 0.13203125 0.00390625 0.03046875
2 0.9578125 0.19375 0.00703125 0.02421875
2 0.93203125 0.2203125 0.00625 0.01171875
2 0.9296875 0.2390625 0.00546875 0.0296875
2 0.98203125 0.228125 0.00703125 0.02421875
2 0.08125 0.5109375 0.00859375 0.03203125
2 0.2421875 0.24609375 0.00703125 0.028125
2 0.22109375 0.228125 0.0078125 0.028125
2 0.9875 0.23203125 0.00546875 0.021875
2 0.9921875 0.23671875 0.0046875 0.02734375
2 0.9953125 0.24453125 0.003125 0.01875