1 0.32890625 0.57265625 0.1203125 0.228125
0 0.521875 0.8609375 0.1796875 0.26875
1 0.74921875 0.4890625 0.11484375 0.21640625
0 0.47890625 0.190625 0.11953125 0.21796875
0 0.72265625 0.1828125 0.1640625 0.2421875
2 0.36484375 0.8625 0.021875 0.0765625
2 0.2640625 0.70390625 0.021875 0.06484375
2 0.37421875 0.93984375 0.01640625 0.08359375
2 0.08125 0.69921875 0.0140625 0.071875
2 0.0765625 0.64140625 0.009375 0.0625
2 0.1953125 0.4828125 0.0109375 0.0625
2 0.215625 0.4734375 0.009375 0.0765625
2 0.20390625 0.45234375 0.009375 0.06796875
2 0.2046875 0.403125 0.01171875 0.04609375
2 0.19921875 0.36015625 0.01015625 0.034375
2 0.19609375 0.40546875 0.01484375 0.0625
2 0.1453125 0.38984375 0.00859375 0.03671875
2 0.01015625 0.31796875 0.0109375 0.06328125
2 0.0515625 0.96015625 0.0171875 0.0796875
2 0.10703125 0.96171875 0.0296875 0.07421875
2 0.009375 0.40234375 0.01796875 0.06796875
2 0.01875 0.3921875 0.01328125 0.0578125
2 0.87109375 0.09453125 0.01015625 0.04140625
2 0.98671875 0.0796875 0.0109375 0.0515625
2 0.77421875 0.065625 0.01328125 0.05078125
2 0.85 0.03359375 0.0078125 0.04375
2 0.815625 0.0359375 0.01328125 0.05
2 0.80546875 0.22578125 0.01015625 0.0515625
2 0.7796875 0.35 0.0109375 0.0515625
2 0.790625 0.35078125 0.01171875 0.06796875
2 0.71640625 0.33828125 0.0140625 0.05859375
2 0.6875 0.31171875 0.01328125 0.05390625
2 0.66875 0.3 0.01328125 0.05703125
2 0.53671875 0.084375 0.01015625 0.053125
2 0.55078125 0.12890625 0.01015625 0.04140625
2 0.559375 0.128125 0.00859375 0.059375
2 0.57578125 0.14140625 0.01015625 0.053125
2 0.59296875 0.08984375 0.00625 0.03125
2 0.58359375 0.1140625 0.00859375 0.04921875
2 0.5859375 0.1609375 0.01171875 0.05625
2 0.59921875 0.16953125 0.0125 0.05
2 0.61015625 0.1921875 0.0109375 0.05078125
2 0.61796875 0.2390625 0.0109375 0.0546875
2 0.64453125 0.2359375 0.0078125 0.0546875
2 0.63515625 0.23671875 0.00625 0.053125
2 0.665625 0.23359375 0.0078125 0.053125