0 0.21171875 0.65078125 0.1703125 0.10390625
2 0.11953125 0.58125 0.0109375 0.04140625
2 0.10546875 0.53203125 0.01171875 0.03828125
2 0.0734375 0.36015625 0.0109375 0.0328125
2 0.30546875 0.37265625 0.01171875 0.03671875
2 0.38125 0.4484375 0.00859375 0.0328125
2 0.52578125 0.4046875 0.01015625 0.0328125
2 0.53984375 0.46015625 0.009375 0.03515625
2 0.5796875 0.41015625 0.0109375 0.03515625
2 0.55390625 0.57734375 0.00625 0.03515625
2 0.5453125 0.64296875 0.0109375 0.04296875
2 0.56953125 0.6078125 0.0109375 0.03984375
2 0.59921875 0.61875 0.01015625 0.0390625
2 0.6125 0.6171875 0.01171875 0.0328125
2 0.6203125 0.59375 0.01015625 0.0375
2 0.62578125 0.59609375 0.0109375 0.028125
2 0.66328125 0.63671875 0.01015625 0.03828125
2 0.6796875 0.628125 0.015625 0.040625
2 0.73984375 0.609375 0.00859375 0.03125
2 0.77265625 0.5875 0.00859375 0.03203125
2 0.75859375 0.3453125 0.00703125 0.0375
2 0.76796875 0.346875 0.009375 0.046875
2 0.8046875 0.55625 0.0125 0.03671875
2 0.88125 0.56171875 0.0109375 0.03671875
2 0.90234375 0.68125 0.01328125 0.04609375
2 0.93671875 0.66015625 0.01015625 0.04296875
2 0.95234375 0.68671875 0.0171875 0.03671875
2 0.95546875 0.71640625 0.01484375 0.040625
2 0.9828125 0.675 0.01640625 0.02890625
2 0.9828125 0.7046875 0.01484375 0.04140625
2 0.99375 0.55390625 0.0109375 0.0390625
2 0.9765625 0.53359375 0.0140625 0.034375
2 0.9671875 0.453125 0.0125 0.034375
2 0.96640625 0.38359375 0.01015625 0.03515625
2 0.978125 0.2078125 0.0078125 0.0296875
2 0.9828125 0.15234375 0.0078125 0.02109375
2 0.9765625 0.13828125 0.00859375 0.02578125
2 0.98125 0.1375 0.0078125 0.02734375
2 0.24765625 0.55859375 0.01015625 0.03125
2 0.27578125 0.5359375 0.009375 0.03984375
2 0.284375 0.51875 0.00859375 0.03515625
2 0.29296875 0.521875 0.00859375 0.03828125
2 0.3078125 0.5265625 0.0078125 0.03515625
2 0.3265625 0.53671875 0.01015625 0.03828125
2 0.31875 0.553125 0.00703125 0.0359375
2 0.31015625 0.56015625 0.01015625 0.0375