2 0.9921875 0.95625 0.015625 0.07265625
2 0.02578125 0.19921875 0.0109375 0.05234375
2 0.03203125 0.28828125 0.009375 0.05859375
2 0.04765625 0.284375 0.01328125 0.04765625
2 0.040625 0.60078125 0.01640625 0.06640625
2 0.2234375 0.49609375 0.01328125 0.06015625
2 0.25546875 0.5984375 0.01328125 0.06796875
2 0.05625 0.75234375 0.01796875 0.07890625
2 0.07421875 0.74140625 0.01640625 0.07890625
2 0.12265625 0.7421875 0.01640625 0.07421875
2 0.128125 0.8625 0.01875 0.05859375
2 0.0859375 0.9734375 0.015625 0.04296875
2 0.7765625 0.39765625 0.01640625 0.06328125
2 0.77421875 0.153125 0.0125 0.04921875
0 0.85 0.678125 0.196875 0.35
2 0.66484375 0.2421875 0.009375 0.0703125
2 0.63515625 0.2375 0.0125 0.05703125
2 0.62109375 0.22421875 0.00546875 0.05546875
2 0.6328125 0.215625 0.0109375 0.0546875
2 0.6765625 0.02734375 0.00703125 0.05
2 0.8640625 0.0921875 0.0109375 0.04765625
2 0.89921875 0.16875 0.009375 0.04765625
2 0.8078125 0.1203125 0.01015625 0.0484375
2 0.8953125 0.159375 0.009375 0.05
2 0.8046875 0.0890625 0.01171875 0.06015625
2 0.909375 0.0859375 0.01015625 0.02890625
2 0.8953125 0.06796875 0.00625 0.04609375
2 0.8921875 0.075 0.01015625 0.04609375
1 0.57890625 0.21875 0.0953125 0.14140625
0 0.6265625 0.03515625 0.084375 0.0703125