2 0.046875 0.70859375 0.02265625 0.07109375
2 0.04765625 0.65 0.015625 0.0640625
2 0.05625 0.66484375 0.0109375 0.07265625
2 0.06484375 0.67890625 0.015625 0.078125
2 0.1953125 0.5125 0.01484375 0.0703125
2 0.18984375 0.46953125 0.01171875 0.06171875
2 0.2078125 0.440625 0.0140625 0.065625
2 0.1828125 0.371875 0.0109375 0.0375
2 0.23046875 0.38828125 0.01484375 0.0609375
2 0.2671875 0.37578125 0.0140625 0.0703125
2 0.2765625 0.35859375 0.0140625 0.0578125
2 0.28828125 0.33671875 0.0125 0.06328125
2 0.29921875 0.32265625 0.01328125 0.06875
2 0.3046875 0.30703125 0.01015625 0.0671875
2 0.31171875 0.27734375 0.0078125 0.0671875
2 0.328125 0.27421875 0.00859375 0.05546875
2 0.34140625 0.2578125 0.009375 0.0578125
2 0.35390625 0.259375 0.0140625 0.059375
2 0.371875 0.23515625 0.01015625 0.0546875
2 0.371875 0.20703125 0.00859375 0.0375
2 0.38359375 0.19453125 0.0078125 0.0578125
2 0.4125 0.17890625 0.0125 0.0609375
2 0.33671875 0.234375 0.0125 0.0421875
2 0.321875 0.2546875 0.0109375 0.053125
2 0.2171875 0.02109375 0.01015625 0.0421875
2 0.07890625 0.04765625 0.01171875 0.05390625
2 0.10703125 0.02578125 0.01015625 0.04921875
2 0.8921875 0.375 0.015625 0.065625
2 0.94609375 0.45 0.01875 0.06875
2 0.9109375 0.61640625 0.01484375 0.07734375
2 0.81171875 0.44453125 0.0109375 0.06328125
2 0.984375 0.65 0.01875 0.084375
2 0.78984375 0.47734375 0.01171875 0.07578125
2 0.84375 0.73046875 0.0140625 0.046875
2 0.76484375 0.68046875 0.01796875 0.0671875
2 0.7765625 0.68984375 0.0140625 0.075
2 0.7890625 0.7140625 0.015625 0.065625
2 0.7359375 0.7375 0.01640625 0.07578125
2 0.87890625 0.81015625 0.01484375 0.09140625
2 0.9 0.81875 0.01640625 0.0796875
2 0.91640625 0.8390625 0.01796875 0.08984375
2 0.58359375 0.93671875 0.01875 0.0828125
2 0.625 0.84609375 0.01640625 0.0765625
2 0.61171875 0.95859375 0.01796875 0.0828125
2 0.7765625 0.4375 0.01171875 0.03671875
2 0.68203125 0.72109375 0.01328125 0.0484375
2 0.675 0.75078125 0.01328125 0.03828125
2 0.6984375 0.740625 0.015625 0.0375
2 0.69375 0.68828125 0.01640625 0.0796875
2 0.70859375 0.68984375 0.0125 0.07421875
2 0.703125 0.7203125 0.01640625 0.0515625
2 0.7171875 0.6375 0.0125 0.03671875
2 0.7171875 0.671875 0.01171875 0.06640625
2 0.73359375 0.65625 0.015625 0.07109375
2 0.7453125 0.6453125 0.015625 0.07890625
2 0.72890625 0.6296875 0.0109375 0.06953125
2 0.734375 0.6078125 0.0140625 0.05546875
2 0.7375 0.59609375 0.0109375 0.04375
2 0.74296875 0.584375 0.0109375 0.0640625
2 0.7453125 0.56953125 0.0109375 0.0734375
2 0.75546875 0.565625 0.01328125 0.06875
2 0.73828125 0.5515625 0.015625 0.06484375
2 0.74921875 0.53828125 0.01015625 0.0671875
2 0.7578125 0.51953125 0.01640625 0.034375
2 0.76953125 0.52890625 0.015625 0.0703125
2 0.7671875 0.49140625 0.0125 0.0265625
2 0.7765625 0.49140625 0.01171875 0.046875
2 0.77265625 0.46171875 0.009375 0.03359375
0 0.4078125 0.85078125 0.14609375 0.28671875
1 0.55859375 0.4921875 0.08515625 0.178125
0 0.61484375 0.56796875 0.14921875 0.3578125
0 0.2640625 0.17421875 0.1609375 0.26953125