2 0.8984375 0.415625 0.0078125 0.02734375
2 0.9 0.5296875 0.0078125 0.03671875
2 0.97109375 0.50625 0.0109375 0.03359375
2 0.86953125 0.52578125 0.0109375 0.0296875
2 0.78359375 0.540625 0.01171875 0.03671875
2 0.86484375 0.3265625 0.00859375 0.02265625
2 0.87265625 0.334375 0.00859375 0.025
2 0.71953125 0.53359375 0.0109375 0.03515625
2 0.69921875 0.5203125 0.00703125 0.0375
2 0.678125 0.5546875 0.0078125 0.03828125
2 0.6828125 0.5640625 0.00859375 0.040625
2 0.64609375 0.55859375 0.00859375 0.02890625
2 0.58984375 0.5390625 0.01015625 0.03671875
2 0.5703125 0.51484375 0.009375 0.02890625
2 0.43125 0.39375 0.00703125 0.034375
2 0.5046875 0.57578125 0.009375 0.01640625
2 0.35625 0.6265625 0.0078125 0.04453125
0 0.57578125 0.621875 0.1671875 0.103125
2 0.2921875 0.34453125 0.00703125 0.0296875
2 0.246875 0.34453125 0.01015625 0.040625
2 0.09296875 0.453125 0.009375 0.03671875
2 0.2546875 0.58671875 0.00859375 0.04296875
2 0.215625 0.64609375 0.0109375 0.03203125
2 0.06171875 0.28984375 0.00546875 0.02421875
2 0.059375 0.26953125 0.00859375 0.0265625
2 0.04375 0.19140625 0.0078125 0.02578125
2 0.08671875 0.69140625 0.009375 0.03828125
2 0.0734375 0.71171875 0.01015625 0.040625
2 0.02109375 0.66875 0.0109375 0.03515625
2 0.06015625 0.72734375 0.01015625 0.03984375
2 0.05 0.71484375 0.0078125 0.034375
2 0.0265625 0.73046875 0.00859375 0.03984375
2 0.015625 0.72734375 0.0109375 0.040625
2 0.0359375 0.73046875 0.00625 0.03828125
2 0.04140625 0.73359375 0.0078125 0.04453125
2 0.37890625 0.4515625 0.0109375 0.02578125