0 0.478125 0.8609375 0.18046875 0.278125
1 0.27421875 0.4484375 0.1125 0.18671875
0 0.26953125 0.18828125 0.17265625 0.240625
0 0.6484375 0.0359375 0.078125 0.071875
2 0.6140625 0.97109375 0.015625 0.0578125
2 0.0203125 0.54921875 0.015625 0.03828125
2 0.06953125 0.38125 0.01484375 0.06328125
2 0.2046875 0.40234375 0.0140625 0.059375
2 0.1875 0.36171875 0.0109375 0.065625
2 0.065625 0.26328125 0.01484375 0.05703125
2 0.140625 0.16171875 0.0125 0.0578125
2 0.128125 0.1015625 0.0140625 0.0484375
2 0.09765625 0.05078125 0.0125 0.053125
2 0.484375 0.06953125 0.01640625 0.04609375
2 0.45625 0.04609375 0.01484375 0.04609375
2 0.8984375 0.36328125 0.01328125 0.0640625
2 0.8234375 0.3828125 0.0109375 0.06171875
2 0.81015625 0.40234375 0.01015625 0.05859375
2 0.796875 0.45234375 0.01171875 0.05625
2 0.79609375 0.4171875 0.0125 0.06015625
2 0.734375 0.68984375 0.0140625 0.0671875
2 0.73359375 0.628125 0.0109375 0.06875
2 0.74140625 0.6015625 0.0109375 0.07265625
2 0.671875 0.70625 0.01015625 0.06640625
2 0.6546875 0.809375 0.01171875 0.046875
2 0.6828125 0.73359375 0.01015625 0.05234375
2 0.4140625 0.08515625 0.01015625 0.04296875
2 0.3359375 0.2828125 0.0140625 0.053125
2 0.2109375 0.35078125 0.01171875 0.0578125
2 0.2953125 0.31015625 0.0140625 0.05625
2 0.23203125 0.3359375 0.0125 0.04765625
2 0.31328125 0.3328125 0.0125 0.04453125
2 0.3359375 0.2296875 0.01171875 0.04375
2 0.3609375 0.234375 0.01171875 0.05
2 0.378125 0.23984375 0.01171875 0.05390625
2 0.38046875 0.26328125 0.00078125 0.0046875
2 0.4484375 0.134375 0.01015625 0.04609375
2 0.44296875 0.128125 0.0078125 0.0609375
2 0.41796875 0.14453125 0.009375 0.05625
2 0.42265625 0.14296875 0.0125 0.0515625
2 0.4015625 0.16796875 0.0125 0.0484375
2 0.234375 0.4125 0.01484375 0.02890625
2 0.85703125 0.39140625 0.01328125 0.03203125