1 0.72265625 0.22421875 0.053125 0.13125
1 0.71640625 0.4859375 0.08359375 0.20703125
1 0.40859375 0.2796875 0.09921875 0.15703125
0 0.5890625 0.515625 0.16171875 0.30234375
0 0.47890625 0.88515625 0.1546875 0.2296875
0 0.23828125 0.50859375 0.1921875 0.31640625
0 0.371875 0.03359375 0.090625 0.0671875
0 0.26796875 0.18046875 0.159375 0.21640625
2 0.0046875 0.17109375 0.009375 0.05703125
2 0.01796875 0.190625 0.01640625 0.04765625
2 0.0859375 0.60546875 0.01484375 0.06953125
2 0.08828125 0.5234375 0.01875 0.065625
2 0.07890625 0.59296875 0.0109375 0.06953125
2 0.0125 0.70625 0.01796875 0.06328125
2 0.11953125 0.25859375 0.0140625 0.0453125
2 0.1921875 0.44375 0.0171875 0.05234375
2 0.209375 0.4265625 0.01328125 0.03828125
2 0.2546875 0.0921875 0.00859375 0.03359375
2 0.25390625 0.11015625 0.00078125 0.01640625
2 0.2171875 0.3984375 0.015625 0.059375
2 0.21484375 0.065625 0.0109375 0.0453125
2 0.23125 0.06796875 0.0125 0.06328125
2 0.18515625 0.0375 0.0109375 0.04296875
2 0.2671875 0.05625 0.01015625 0.05
2 0.290625 0.04375 0.01015625 0.04296875
2 0.19921875 0.36875 0.01015625 0.06171875
2 0.325 0.315625 0.0171875 0.065625
2 0.33046875 0.28203125 0.00390625 0.003125
2 0.2109375 0.325 0.0140625 0.06015625
2 0.2921875 0.31953125 0.009375 0.05078125
2 0.3015625 0.31953125 0.009375 0.06015625
2 0.1078125 0.18984375 0.01484375 0.053125
2 0.30546875 0.05 0.0125 0.04375
2 0.3375 0.2421875 0.01328125 0.0625
2 0.3578125 0.23046875 0.01171875 0.053125
2 0.31640625 0.02109375 0.01015625 0.0390625
2 0.3078125 0.02109375 0.009375 0.040625
2 0.41484375 0.16640625 0.0125 0.059375
2 0.41796875 0.12265625 0.00859375 0.034375
2 0.43984375 0.15625 0.01796875 0.0578125
2 0.42578125 0.10078125 0.0109375 0.05546875
2 0.47265625 0.08046875 0.0125 0.0453125
2 0.45859375 0.059375 0.00703125 0.0546875
2 0.44140625 0.07890625 0.00859375 0.040625
2 0.4359375 0.071875 0.00859375 0.0390625
2 0.15234375 0.0453125 0.0171875 0.04140625
2 0.090625 0.09765625 0.00859375 0.0453125
2 0.0828125 0.09375 0.0078125 0.0578125
2 0.89375 0.87578125 0.01015625 0.07265625
2 0.921875 0.640625 0.01328125 0.06796875
2 0.240625 0.34453125 0.0140625 0.05234375
2 0.81328125 0.72734375 0.0140625 0.05703125
2 0.6 0.96328125 0.01796875 0.071875
2 0.57421875 0.92734375 0.0171875 0.06796875
2 0.5609375 0.73671875 0.0171875 0.07734375
2 0.63203125 0.7921875 0.0125 0.06796875
2 0.6359375 0.83828125 0.0125 0.071875
2 0.62421875 0.72578125 0.01640625 0.0671875
2 0.5796875 0.709375 0.0171875 0.0671875
2 0.65546875 0.7828125 0.01484375 0.059375
2 0.6328125 0.68046875 0.015625 0.0484375
2 0.73671875 0.69375 0.0109375 0.06328125
2 0.728125 0.63984375 0.01015625 0.0546875
2 0.73046875 0.6671875 0.0109375 0.06171875
2 0.68359375 0.6984375 0.0125 0.075
2 0.671875 0.6640625 0.0140625 0.07265625
2 0.73046875 0.62421875 0.0109375 0.06328125
2 0.7546875 0.62578125 0.0125 0.06171875
2 0.79609375 0.44140625 0.01484375 0.05234375
2 0.80078125 0.39609375 0.009375 0.04609375
2 0.77578125 0.5109375 0.01171875 0.065625
2 0.76640625 0.58828125 0.0109375 0.065625
2 0.78828125 0.6 0.0125 0.065625
2 0.796875 0.58515625 0.01484375 0.075
2 0.784375 0.48984375 0.009375 0.059375
2 0.73671875 0.759375 0.0171875 0.07421875
2 0.76015625 0.70625 0.00859375 0.0765625
2 0.06328125 0.57578125 0.0140625 0.06171875
2 0.9796875 0.38984375 0.01484375 0.05703125
2 0.97109375 0.34375 0.0140625 0.05546875
2 0.96875 0.38046875 0.0109375 0.05703125