0 0.4828125 0.87734375 0.1734375 0.2453125
2 0.88125 0.8875 0.0125 0.07265625
2 0.79921875 0.9546875 0.01171875 0.071875
2 0.790625 0.59296875 0.0140625 0.07265625
2 0.8 0.64609375 0.0140625 0.0671875
2 0.76953125 0.6984375 0.01640625 0.06796875
2 0.75703125 0.7109375 0.01015625 0.0578125
2 0.6796875 0.68203125 0.01953125 0.084375
2 0.69140625 0.70078125 0.01640625 0.06796875
2 0.70859375 0.68828125 0.01328125 0.0671875
2 0.7359375 0.66328125 0.015625 0.07109375
2 0.74609375 0.6359375 0.01484375 0.071875
2 0.7921875 0.52109375 0.009375 0.05625
2 0.76328125 0.5265625 0.01640625 0.06484375
2 0.77109375 0.50078125 0.00625 0.06328125
2 0.77890625 0.48828125 0.01015625 0.06015625
2 0.78359375 0.459375 0.0078125 0.053125
2 0.7921875 0.43828125 0.00703125 0.0375
2 0.7953125 0.41484375 0.0015625 0.05625
2 0.16640625 0.83984375 0.01484375 0.06875
2 0.1171875 0.69375 0.0171875 0.075
2 0.09921875 0.565625 0.0125 0.07265625
2 0.08515625 0.515625 0.0125 0.06171875
2 0.1890625 0.35625 0.01015625 0.05546875
2 0.18125 0.27421875 0.009375 0.05546875
2 0.209375 0.37265625 0.01640625 0.0625
2 0.240625 0.40546875 0.01015625 0.06328125
2 0.246875 0.41484375 0.009375 0.05859375
2 0.24375 0.359375 0.01015625 0.0578125
2 0.21328125 0.315625 0.01015625 0.05234375
2 0.215625 0.3484375 0.01171875 0.04453125
2 0.275 0.3171875 0.00859375 0.0359375
2 0.46640625 0.0234375 0.01328125 0.0421875
2 0.4546875 0.0390625 0.01171875 0.05234375
2 0.284375 0.06875 0.01015625 0.03671875
2 0.265625 0.04296875 0.0078125 0.0484375
2 0.15 0.21171875 0.0125 0.0515625
2 0.1546875 0.15546875 0.01015625 0.05390625
2 0.23984375 0.09375 0.0140625 0.0421875
2 0.22265625 0.10546875 0.00859375 0.05078125
2 0.2046875 0.034375 0.01171875 0.0453125
2 0.3078125 0.26015625 0.01328125 0.04296875
2 0.2625 0.3328125 0.009375 0.02421875
2 0.290625 0.31015625 0.01015625 0.0390625
2 0.32421875 0.265625 0.01171875 0.04765625
2 0.33046875 0.2515625 0.01171875 0.05234375
2 0.34375 0.27578125 0.0078125 0.0359375
2 0.3515625 0.2953125 0.009375 0.05
2 0.35859375 0.28359375 0.01015625 0.0578125
2 0.36640625 0.28046875 0.01171875 0.0484375
2 0.3796875 0.26484375 0.00859375 0.04453125
2 0.3875 0.25 0.0125 0.0421875
2 0.390625 0.23515625 0.00625 0.05234375
2 0.41484375 0.14375 0.0109375 0.04453125
2 0.425 0.12109375 0.01015625 0.05
2 0.43671875 0.165625 0.00859375 0.05703125
2 0.44375 0.13203125 0.01171875 0.05
2 0.44921875 0.109375 0.009375 0.0453125
2 0.00703125 0.2546875 0.0125 0.053125
2 0.046875 0.06796875 0.00859375 0.04296875
2 0.00390625 0.1859375 0.0078125 0.04375
2 0.015625 0.1859375 0.01015625 0.04375
2 0.009375 0.1453125 0.01015625 0.03984375
2 0.0765625 0.03671875 0.0125 0.0453125
2 0.2953125 0.18671875 0.009375 0.02421875
0 0.28671875 0.15703125 0.15 0.2359375
1 0.31015625 0.40078125 0.0875 0.18359375
0 0.38046875 0.39921875 0.13359375 0.275