0 0.3828125 0.35625 0.121875 0.259375
1 0.2765625 0.39765625 0.078125 0.19921875
1 0.34453125 0.6328125 0.125 0.221875
1 0.765625 0.5109375 0.11640625 0.21015625
2 0.83125 0.50546875 0.0109375 0.065625
2 0.83671875 0.53671875 0.01875 0.0671875
2 0.2953125 0.740625 0.01484375 0.0484375
2 0.35390625 0.81640625 0.0171875 0.0703125
2 0.06640625 0.82265625 0.021875 0.07734375
2 0.1140625 0.94921875 0.02265625 0.08359375
2 0.78828125 0.36484375 0.0140625 0.0546875
2 0.72578125 0.371875 0.0140625 0.06015625
2 0.79140625 0.04609375 0.01328125 0.040625
2 0.8453125 0.05703125 0.0109375 0.04296875
2 0.57578125 0.14453125 0.0078125 0.0484375
2 0.87421875 0.021875 0.0125 0.04375
2 0.6609375 0.01484375 0.00859375 0.02890625
2 0.75390625 0.3421875 0.009375 0.0453125
2 0.734375 0.22890625 0.009375 0.01953125
2 0.621875 0.2265625 0.009375 0.05234375
2 0.65078125 0.24921875 0.01484375 0.0484375
2 0.67890625 0.26328125 0.01015625 0.05
2 0.671875 0.28046875 0.009375 0.05703125
2 0.72734375 0.31796875 0.009375 0.040625
2 0.1875 0.440625 0.0109375 0.0625
2 0.2203125 0.525 0.01484375 0.0453125
2 0.209375 0.53203125 0.0140625 0.065625
2 0.21015625 0.4765625 0.0171875 0.0484375
2 0.1265625 0.5703125 0.0203125 0.06484375
2 0.14609375 0.59140625 0.021875 0.071875
2 0.05234375 0.596875 0.0203125 0.065625
2 0.028125 0.59765625 0.01796875 0.06796875
2 0.02109375 0.3875 0.0171875 0.06171875
2 0.03046875 0.346875 0.01171875 0.05234375