2 0.890625 0.04765625 0.01015625 0.053125
2 0.85625 0.0359375 0.0109375 0.04140625
2 0.84140625 0.16796875 0.0109375 0.0578125
2 0.7640625 0.0828125 0.0140625 0.05625
2 0.6828125 0.03828125 0.0125 0.05234375
2 0.55703125 0.09765625 0.0109375 0.05234375
2 0.56640625 0.05390625 0.0125 0.05546875
2 0.971875 0.18828125 0.0125 0.0578125
2 0.98515625 0.34375 0.01171875 0.06171875
2 0.9578125 0.22578125 0.0125 0.05703125
2 0.94296875 0.225 0.01015625 0.06015625
2 0.93828125 0.25625 0.0109375 0.04921875
2 0.92421875 0.2921875 0.01640625 0.06484375
2 0.94140625 0.5875 0.01484375 0.06953125
2 0.84140625 0.53828125 0.0140625 0.0609375
2 0.83203125 0.50859375 0.0140625 0.06328125
2 0.809375 0.4609375 0.015625 0.0640625
2 0.7953125 0.38125 0.01171875 0.0671875
2 0.76875 0.48125 0.01484375 0.06171875
2 0.77109375 0.4265625 0.0125 0.0546875
2 0.7484375 0.44140625 0.01328125 0.0625
2 0.76796875 0.346875 0.01171875 0.06328125
2 0.73515625 0.9453125 0.02109375 0.0765625
2 0.846875 0.896875 0.0171875 0.07890625
2 0.88203125 0.915625 0.0171875 0.078125
2 0.9578125 0.87890625 0.0171875 0.071875
2 0.934375 0.9265625 0.015625 0.06953125
2 0.940625 0.89453125 0.02109375 0.0703125
2 0.87578125 0.78828125 0.0125 0.071875
2 0.87890625 0.73671875 0.015625 0.059375
2 0.66640625 0.95 0.021875 0.071875
2 0.6078125 0.97421875 0.01875 0.0515625
2 0.734375 0.36953125 0.009375 0.05625
2 0.72109375 0.35703125 0.00859375 0.05625
2 0.7078125 0.3859375 0.0125 0.059375
2 0.71640625 0.34140625 0.0125 0.053125
2 0.69375 0.35234375 0.0125 0.0625
2 0.6890625 0.31328125 0.009375 0.05390625
2 0.675 0.325 0.0125 0.053125
2 0.68125 0.29375 0.009375 0.059375
2 0.65390625 0.3078125 0.009375 0.05625
2 0.67421875 0.26015625 0.0078125 0.059375
2 0.66328125 0.25234375 0.01015625 0.04609375
2 0.63671875 0.27109375 0.0140625 0.05859375
2 0.659375 0.23359375 0.01015625 0.0546875
2 0.64921875 0.2390625 0.0109375 0.05546875
2 0.6296875 0.215625 0.009375 0.0578125
2 0.6140625 0.23515625 0.01015625 0.05390625
2 0.61640625 0.19765625 0.0125 0.04375
2 0.603125 0.203125 0.01171875 0.05
2 0.59140625 0.16953125 0.01171875 0.05546875
2 0.70625 0.18828125 0.00703125 0.02578125
2 0.6640625 0.14296875 0.009375 0.03828125
2 0.60625 0.17890625 0.01015625 0.034375
0 0.74296875 0.196875 0.15625 0.2609375
2 0.11328125 0.78671875 0.0125 0.0828125
2 0.103125 0.7953125 0.015625 0.07421875
2 0.0515625 0.81640625 0.01796875 0.08125
2 0.00625 0.57734375 0.0109375 0.071875
2 0.04140625 0.55078125 0.01640625 0.0765625
2 0.0765625 0.5484375 0.01640625 0.059375
1 0.16796875 0.0984375 0.0359375 0.09296875
0 0.234375 0.28359375 0.078125 0.1546875
2 0.125 0.47890625 0.0140625 0.065625
2 0.18125 0.640625 0.01640625 0.06484375
2 0.2125 0.62109375 0.0171875 0.0765625
2 0.1890625 0.53203125 0.0109375 0.06796875
2 0.35546875 0.68828125 0.0140625 0.0765625
2 0.2890625 0.64765625 0.01953125 0.0765625
2 0.2984375 0.70078125 0.01875 0.07421875
2 0.2703125 0.6796875 0.021875 0.0671875
2 0.27421875 0.74375 0.01640625 0.06171875
2 0.24921875 0.75546875 0.01796875 0.05
2 0.43203125 0.971875 0.0140625 0.05625
2 0.41953125 0.92421875 0.01640625 0.0671875
2 0.40546875 0.88203125 0.01953125 0.05859375
2 0.375 0.8359375 0.01328125 0.0703125
2 0.359375 0.80625 0.0140625 0.08828125
2 0.42890625 0.8578125 0.0171875 0.07109375
0 0.40390625 0.66171875 0.1546875 0.37265625
2 0.25 0.590625 0.01484375 0.06640625
2 0.246875 0.54453125 0.0109375 0.05625
2 0.2296875 0.55859375 0.01171875 0.06953125
2 0.2421875 0.57109375 0.0109375 0.06875
2 0.20390625 0.428125 0.01171875 0.06328125
2 0.2109375 0.4390625 0.0109375 0.05703125
2 0.21796875 0.48359375 0.0125 0.0734375
2 0.23671875 0.50546875 0.0078125 0.0359375
2 0.23125 0.50234375 0.00859375 0.04921875