0 0.5234375 0.87734375 0.153125 0.2296875
1 0.59296875 0.26796875 0.0859375 0.14375
0 0.7734375 0.53515625 0.1890625 0.32109375
0 0.9546875 0.3578125 0.090625 0.13125
0 0.73515625 0.184375 0.171875 0.2265625
2 0.96015625 0.10546875 0.0125 0.0546875
2 0.921875 0.20390625 0.015625 0.04921875
2 0.91875 0.109375 0.01171875 0.04921875
2 0.90703125 0.11640625 0.0125 0.0484375
2 0.9734375 0.27578125 0.01796875 0.04765625
2 0.990625 0.2796875 0.01015625 0.0546875
2 0.9953125 0.25546875 0.00859375 0.0546875
2 0.85 0.05078125 0.0109375 0.0484375
2 0.83671875 0.09296875 0.01328125 0.05078125
2 0.8 0.096875 0.01171875 0.04453125
2 0.78359375 0.13125 0.01328125 0.0484375
2 0.90390625 0.3859375 0.01484375 0.0640625
2 0.88515625 0.371875 0.0140625 0.05078125
2 0.98125 0.57265625 0.0171875 0.06875
2 0.93046875 0.59765625 0.01484375 0.06171875
2 0.91484375 0.6046875 0.01640625 0.06484375
2 0.915625 0.5140625 0.01015625 0.065625
2 0.80546875 0.446875 0.009375 0.04609375
2 0.78203125 0.4171875 0.01015625 0.05078125
2 0.7703125 0.3859375 0.0109375 0.06171875
2 0.8 0.390625 0.01171875 0.06171875
2 0.82890625 0.36640625 0.0125 0.0296875
2 0.81484375 0.3765625 0.0125 0.0515625
2 0.8 0.34375 0.0125 0.04609375
2 0.7859375 0.32265625 0.0140625 0.07109375
2 0.7015625 0.32890625 0.01953125 0.07109375
2 0.67734375 0.32421875 0.015625 0.06171875
2 0.66328125 0.27734375 0.01484375 0.0484375
2 0.67890625 0.26875 0.0125 0.04453125
2 0.6953125 0.2640625 0.0140625 0.053125
2 0.63515625 0.23125 0.01953125 0.0625
2 0.59765625 0.1765625 0.01171875 0.05234375
2 0.58359375 0.15859375 0.01015625 0.04921875
2 0.5734375 0.10234375 0.0109375 0.05078125
2 0.559375 0.07890625 0.009375 0.04609375
2 0.53515625 0.1 0.0125 0.0484375
2 0.50078125 0.059375 0.01171875 0.0484375
2 0.0265625 0.8078125 0.009375 0.0765625
2 0.16328125 0.72421875 0.01171875 0.04140625
2 0.04140625 0.553125 0.015625 0.07578125
2 0.03359375 0.409375 0.00859375 0.05546875
2 0.0984375 0.74375 0.0140625 0.08046875
2 0.05546875 0.68203125 0.01171875 0.06015625
2 0.0734375 0.66640625 0.00859375 0.078125
2 0.1015625 0.40546875 0.01328125 0.06328125
2 0.21640625 0.3859375 0.009375 0.06171875
2 0.35703125 0.8234375 0.01484375 0.07109375
2 0.3546875 0.778125 0.01328125 0.05546875
2 0.30625 0.6546875 0.0171875 0.071875
2 0.2921875 0.7359375 0.00859375 0.0390625
2 0.284375 0.70859375 0.01484375 0.09296875
2 0.26015625 0.69140625 0.00859375 0.06015625
2 0.26328125 0.615625 0.0140625 0.05
2 0.240625 0.67890625 0.01015625 0.06796875
2 0.27109375 0.65703125 0.01484375 0.05390625
2 0.24609375 0.621875 0.01171875 0.05859375
2 0.23984375 0.5875 0.01015625 0.075
2 0.23359375 0.55546875 0.01484375 0.05390625
2 0.21953125 0.47890625 0.009375 0.05703125
2 0.2 0.40703125 0.0109375 0.05625
2 0.203125 0.421875 0.01171875 0.0390625
2 0.2109375 0.4515625 0.01171875 0.046875
2 0.22734375 0.50625 0.01484375 0.05546875
2 0.2296875 0.53046875 0.0140625 0.05625
2 0.20234375 0.334375 0.01328125 0.0515625
2 0.2984375 0.67578125 0.01484375 0.06640625
2 0.00703125 0.8125 0.01328125 0.0875
2 0.415625 0.92265625 0.0125 0.05234375
2 0.8375 0.8921875 0.0203125 0.06796875