2 0.28046875 0.52734375 0.01015625 0.03515625
2 0.30078125 0.5265625 0.0125 0.04140625
2 0.32109375 0.5484375 0.0109375 0.03984375
2 0.35546875 0.55546875 0.0109375 0.04140625
2 0.4546875 0.56875 0.0109375 0.03203125
2 0.43515625 0.41796875 0.0109375 0.03515625
2 0.48125 0.5953125 0.009375 0.03046875
2 0.49296875 0.59375 0.01015625 0.04296875
2 0.5671875 0.61328125 0.0109375 0.0375
2 0.6109375 0.6265625 0.01171875 0.0453125
2 0.58671875 0.5890625 0.00703125 0.034375
2 0.5921875 0.590625 0.0078125 0.04140625
2 0.62578125 0.6046875 0.00859375 0.03359375
2 0.64140625 0.61328125 0.009375 0.034375
2 0.5609375 0.371875 0.00859375 0.03515625
2 0.321875 0.33671875 0.00859375 0.03203125
2 0.3765625 0.39296875 0.00859375 0.03125
2 0.7296875 0.603125 0.0109375 0.0375
2 0.74765625 0.5875 0.0125 0.03203125
2 0.7109375 0.38046875 0.0109375 0.0328125
2 0.9609375 0.38203125 0.01171875 0.028125
2 0.96875 0.3578125 0.0078125 0.0296875
2 0.97734375 0.49375 0.00703125 0.034375
2 0.97578125 0.56328125 0.00859375 0.03984375
2 0.9828125 0.6046875 0.0109375 0.0328125
2 0.9390625 0.71328125 0.0125 0.04453125
2 0.9484375 0.19375 0.00859375 0.02421875
2 0.9734375 0.1859375 0.00703125 0.02578125
2 0.98046875 0.18125 0.0078125 0.02734375
2 0.03828125 0.51796875 0.009375 0.025
2 0.2484375 0.32734375 0.0078125 0.0265625
2 0.25625 0.325 0.00703125 0.02890625
2 0.071875 0.3796875 0.009375 0.03359375