1 0.64609375 0.65703125 0.125 0.24375
1 0.73984375 0.315625 0.0734375 0.17734375
0 0.3390625 0.87109375 0.18203125 0.2578125
1 0.496875 0.115625 0.0796875 0.16015625
2 0.98984375 0.515625 0.015625 0.07421875
2 0.825 0.3625 0.0140625 0.07109375
2 0.79765625 0.61875 0.02109375 0.06171875
2 0.79375 0.47421875 0.009375 0.07890625
2 0.78984375 0.4796875 0.01328125 0.07421875
2 0.2015625 0.47421875 0.01796875 0.07578125
2 0.57578125 0.02578125 0.01171875 0.04765625
2 0.23125 0.35703125 0.01015625 0.05703125
2 0.203125 0.38515625 0.01171875 0.07265625
2 0.265625 0.3890625 0.0140625 0.071875
2 0.08828125 0.10390625 0.01015625 0.040625
2 0.1328125 0.10078125 0.01328125 0.053125
2 0.1625 0.21953125 0.0140625 0.04765625
2 0.3 0.321875 0.0109375 0.08359375
2 0.10546875 0.25 0.0125 0.06015625
2 0.08359375 0.2125 0.01328125 0.0546875
2 0.09765625 0.21328125 0.0125 0.0546875
2 0.03125 0.10234375 0.01171875 0.05
2 0.415625 0.06796875 0.01171875 0.05078125
2 0.434375 0.0828125 0.0140625 0.05
2 0.31328125 0.04140625 0.0109375 0.04375
2 0.24140625 0.065625 0.0140625 0.06796875
2 0.365625 0.25390625 0.0109375 0.06171875
2 0.34765625 0.28828125 0.01328125 0.0625
2 0.37421875 0.21328125 0.00703125 0.05
2 0.390625 0.215625 0.009375 0.0484375
2 0.41875 0.18828125 0.0140625 0.0578125
2 0.44140625 0.16328125 0.0125 0.06015625
2 0.4453125 0.1140625 0.0109375 0.0453125
2 0.4265625 0.13671875 0.0109375 0.04609375
2 0.41796875 0.1328125 0.01328125 0.05
2 0.34296875 0.2390625 0.01328125 0.05703125
2 0.02421875 0.3484375 0.0140625 0.0484375
2 0.01328125 0.346875 0.0125 0.05234375
2 0.40078125 0.19296875 0.01171875 0.0546875
2 0.0125 0.321875 0.00859375 0.0390625
2 0.3453125 0.1265625 0.00625 0.0171875
2 0.28359375 0.21875 0.00625 0.034375
2 0.25546875 0.2375 0.00859375 0.021875
2 0.0265625 0.32734375 0.01015625 0.0390625
2 0.3265625 0.1515625 0.00546875 0.02578125
0 0.4703125 0.8421875 0.1875 0.315625