0 0.46640625 0.89296875 0.1546875 0.2140625
0 0.30234375 0.51171875 0.21875 0.28828125
0 0.37421875 0.30078125 0.14765625 0.225
2 0.9859375 0.46484375 0.01484375 0.06171875
2 0.028125 0.97265625 0.0171875 0.04765625
2 0.134375 0.9859375 0.01875 0.028125
2 0.22734375 0.05078125 0.01015625 0.04609375
2 0.77734375 0.56875 0.0140625 0.05703125
2 0.76953125 0.5125 0.0140625 0.0625
2 0.82734375 0.34921875 0.00703125 0.05703125
2 0.81796875 0.35703125 0.0109375 0.06171875
2 0.4390625 0.153125 0.01015625 0.05
2 0.4328125 0.16015625 0.0109375 0.05703125
2 0.33828125 0.22265625 0.009375 0.04296875
2 0.32421875 0.2390625 0.009375 0.0453125
2 0.3375 0.24921875 0.00859375 0.04375
2 0.3484375 0.24453125 0.009375 0.02890625