2 0.7734375 0.5359375 0.0171875 0.065625
2 0.7046875 0.73359375 0.01640625 0.053125
2 0.81171875 0.73828125 0.02265625 0.07421875
2 0.79296875 0.4296875 0.01640625 0.06171875
2 0.81171875 0.38046875 0.01171875 0.06015625
2 0.8203125 0.353125 0.0140625 0.07890625
0 0.653125 0.4703125 0.128125 0.2546875
0 0.578125 0.6734375 0.18125 0.18203125
0 0.48359375 0.8625 0.190625 0.27421875
2 0.87890625 0.09296875 0.01171875 0.040625
1 0.83828125 0.0828125 0.046875 0.103125
1 0.4921875 0.14609375 0.07421875 0.13125
0 0.33203125 0.35703125 0.1078125 0.1796875
2 0.03046875 0.9515625 0.02421875 0.07265625
2 0.0453125 0.96484375 0.01640625 0.05859375
2 0.134375 0.98671875 0.015625 0.0265625
2 0.0625 0.33359375 0.0140625 0.03359375
2 0.203125 0.38125 0.01484375 0.0578125
2 0.090625 0.23046875 0.01171875 0.059375
2 0.00625 0.1859375 0.0125 0.05703125
2 0.04140625 0.15234375 0.01328125 0.046875
2 0.0078125 0.1 0.00625 0.046875
2 0.16640625 0.11015625 0.01328125 0.05546875
2 0.21796875 0.33828125 0.01484375 0.06953125
2 0.1453125 0.01875 0.0125 0.03671875
2 0.20859375 0.03125 0.0125 0.05390625
2 0.2421875 0.05625 0.015625 0.053125
2 0.31171875 0.07890625 0.01328125 0.04921875
2 0.259375 0.37734375 0.01015625 0.07734375
2 0.26640625 0.3734375 0.0140625 0.06015625
2 0.27578125 0.35703125 0.01171875 0.0578125
2 0.2921875 0.31484375 0.01328125 0.04375
2 0.30625 0.29140625 0.01328125 0.04765625
2 0.2546875 0.2359375 0.0109375 0.01875
2 0.2765625 0.228125 0.0140625 0.0265625
2 0.284375 0.215625 0.01015625 0.034375
0 0.06640625 0.459375 0.1328125 0.290625
2 0.31796875 0.02265625 0.01015625 0.04296875
2 0.328125 0.01328125 0.01328125 0.0265625
2 0.33046875 0.253125 0.0109375 0.0671875
2 0.30703125 0.2609375 0.01484375 0.04765625
2 0.321875 0.2734375 0.0109375 0.06328125
2 0.3515625 0.2484375 0.01328125 0.0453125
2 0.34609375 0.240625 0.01328125 0.05390625
2 0.33671875 0.1484375 0.00859375 0.03046875
2 0.38984375 0.19375 0.009375 0.0484375
2 0.40859375 0.19609375 0.0109375 0.0625
2 0.4125 0.14296875 0.01328125 0.04765625
2 0.4203125 0.184375 0.01328125 0.059375