0 0.52734375 0.62578125 0.1734375 0.13125
2 0.0171875 0.490625 0.01171875 0.03671875
2 0.21328125 0.23671875 0.0109375 0.034375
2 0.30390625 0.3765625 0.009375 0.040625
2 0.278125 0.43515625 0.0109375 0.028125
2 0.27578125 0.540625 0.01171875 0.0375
2 0.28359375 0.515625 0.01015625 0.0375
2 0.2953125 0.515625 0.0078125 0.03671875
2 0.3078125 0.534375 0.00859375 0.04296875
2 0.33359375 0.5296875 0.009375 0.04375
2 0.3171875 0.55390625 0.0078125 0.04140625
2 0.55390625 0.5765625 0.009375 0.0390625
2 0.56484375 0.4640625 0.00703125 0.03984375
2 0.62265625 0.63046875 0.00703125 0.0421875
2 0.621875 0.5953125 0.00859375 0.03125
2 0.6265625 0.603125 0.009375 0.03203125
2 0.68046875 0.63125 0.01328125 0.04921875
2 0.69609375 0.59609375 0.0078125 0.03828125
2 0.70859375 0.5765625 0.00546875 0.04140625
2 0.77265625 0.58359375 0.01015625 0.03828125
2 0.78828125 0.5984375 0.01015625 0.03828125
2 0.83984375 0.59296875 0.0109375 0.0375
2 0.875 0.59609375 0.009375 0.04140625
2 0.85546875 0.646875 0.01015625 0.03671875
2 0.96328125 0.3828125 0.00859375 0.0328125
2 0.971875 0.42421875 0.009375 0.03984375
2 0.740625 0.365625 0.0109375 0.0359375
2 0.7578125 0.34453125 0.0078125 0.0359375
2 0.7640625 0.33984375 0.00703125 0.0390625
2 0.77109375 0.34765625 0.00625 0.03125
2 0.84296875 0.27890625 0.00859375 0.028125
2 0.9265625 0.3265625 0.01171875 0.03828125
2 0.921875 0.25859375 0.00703125 0.0328125
2 0.96484375 0.27421875 0.0078125 0.025
2 0.9796875 0.203125 0.009375 0.03515625
2 0.978125 0.24609375 0.00859375 0.02734375
2 0.978125 0.11328125 0.00703125 0.02578125
2 0.98203125 0.15078125 0.00703125 0.0234375
2 0.74609375 0.409375 0.0109375 0.0328125
2 0.840625 0.7203125 0.01640625 0.0390625