2 0.01015625 0.18671875 0.00859375 0.05859375
2 0.01796875 0.1109375 0.01328125 0.04375
2 0.04375 0.18359375 0.01328125 0.0546875
2 0.08828125 0.15625 0.01484375 0.04921875
2 0.1359375 0.26875 0.01328125 0.0484375
2 0.16796875 0.16484375 0.01171875 0.05390625
2 0.12265625 0.2640625 0.01171875 0.05859375
2 0.09921875 0.53984375 0.015625 0.06640625
2 0.24921875 0.15859375 0.0140625 0.05
2 0.1375 0.0390625 0.015625 0.040625
2 0.0921875 0.0484375 0.01015625 0.0515625
2 0.11875 0.08203125 0.0109375 0.04296875
2 0.19375 0.0265625 0.01015625 0.04375
2 0.28515625 0.06171875 0.009375 0.04375
2 0.11640625 0.03203125 0.01015625 0.046875
2 0.32265625 0.1296875 0.01015625 0.04453125
2 0.3234375 0.02890625 0.01015625 0.0359375
2 0.415625 0.0625 0.01015625 0.0453125
2 0.51640625 0.009375 0.0078125 0.01875
2 0.484375 0.0390625 0.01015625 0.04375
2 0.4484375 0.103125 0.0109375 0.04296875
2 0.409375 0.14921875 0.00859375 0.04921875
2 0.39921875 0.18203125 0.00703125 0.0484375
2 0.38828125 0.19609375 0.01171875 0.04296875
2 0.36875 0.20859375 0.0109375 0.05
2 0.38671875 0.24296875 0.0109375 0.05078125
2 0.37578125 0.2359375 0.01328125 0.053125
2 0.19140625 0.48125 0.01640625 0.07109375
2 0.18359375 0.37890625 0.01171875 0.05078125
2 0.221875 0.434375 0.01484375 0.053125
2 0.19921875 0.38125 0.01484375 0.06328125
2 0.2234375 0.378125 0.01328125 0.05
2 0.20859375 0.34296875 0.015625 0.05703125
2 0.2421875 0.353125 0.01484375 0.06328125
2 0.221875 0.34296875 0.01015625 0.03125
2 0.2671875 0.3640625 0.0109375 0.05546875
2 0.275 0.34609375 0.009375 0.0484375
2 0.284375 0.3375 0.01171875 0.0453125
2 0.28828125 0.31953125 0.01171875 0.04453125
2 0.2359375 0.39609375 0.01484375 0.05625
2 0.253125 0.3859375 0.0109375 0.03515625
2 0.2453125 0.41640625 0.01171875 0.06640625
2 0.30234375 0.309375 0.01171875 0.03125
2 0.31015625 0.29453125 0.01171875 0.04140625
2 0.325 0.2703125 0.0078125 0.0515625
2 0.32890625 0.2546875 0.01171875 0.05
2 0.3359375 0.2515625 0.01328125 0.0484375
2 0.3484375 0.121875 0.00703125 0.02421875
2 0.3625 0.28203125 0.01015625 0.05078125
2 0.35390625 0.29296875 0.00859375 0.06484375
2 0.35078125 0.23828125 0.01015625 0.03203125
1 0.3 0.4296875 0.11875 0.21875
2 0.91171875 0.76953125 0.01640625 0.07109375
2 0.98203125 0.540625 0.0109375 0.06953125
2 0.9609375 0.521875 0.00859375 0.0609375
2 0.953125 0.5140625 0.0203125 0.06484375
2 0.96015625 0.4375 0.01796875 0.06171875
2 0.865625 0.38515625 0.01328125 0.04296875
2 0.82890625 0.67265625 0.01171875 0.07109375
2 0.65703125 0.66171875 0.01640625 0.07578125
2 0.8171875 0.41875 0.01015625 0.0515625
2 0.80859375 0.41796875 0.0125 0.06953125
2 0.796875 0.4234375 0.009375 0.05390625
2 0.78984375 0.43671875 0.01015625 0.05703125
2 0.7875 0.4765625 0.0125 0.05703125
2 0.77734375 0.49375 0.01015625 0.065625
2 0.78515625 0.54609375 0.01953125 0.06953125
2 0.81640625 0.571875 0.01484375 0.06640625
2 0.80703125 0.596875 0.0125 0.065625
2 0.79453125 0.59140625 0.0125 0.078125
2 0.75390625 0.53359375 0.01171875 0.065625
2 0.76484375 0.54375 0.00859375 0.05859375
2 0.76796875 0.50546875 0.00859375 0.05390625
2 0.76328125 0.57578125 0.009375 0.06171875
2 0.75546875 0.584375 0.0125 0.065625
2 0.7609375 0.66015625 0.01640625 0.0703125
2 0.77421875 0.71484375 0.01328125 0.07578125
2 0.7796875 0.70703125 0.0109375 0.06328125
2 0.74140625 0.703125 0.01484375 0.07421875
2 0.7515625 0.75 0.0140625 0.05703125
2 0.7328125 0.63515625 0.01796875 0.0609375
2 0.74296875 0.67734375 0.01484375 0.05078125
2 0.71953125 0.659375 0.015625 0.0484375
2 0.7171875 0.71640625 0.0140625 0.06796875
2 0.70390625 0.68203125 0.01171875 0.06171875
2 0.70078125 0.73828125 0.0125 0.04296875
2 0.7015625 0.640625 0.0140625 0.05859375
2 0.690625 0.6265625 0.0140625 0.06875
2 0.68984375 0.71015625 0.01484375 0.071875
2 0.67421875 0.68203125 0.0140625 0.06953125
2 0.67421875 0.715625 0.01328125 0.0484375
2 0.65625 0.7796875 0.01484375 0.1109375
2 0.6015625 0.96484375 0.01640625 0.06484375
2 0.5421875 0.98671875 0.01328125 0.02109375
2 0.55078125 0.97421875 0.0125 0.046875
2 0.54921875 0.959375 0.0125 0.05078125
2 0.57109375 0.96015625 0.01328125 0.0609375
2 0.5703125 0.92890625 0.01484375 0.04453125
2 0.57890625 0.91484375 0.01640625 0.0609375
2 0.5890625 0.9 0.0171875 0.08359375
2 0.6046875 0.86875 0.01171875 0.065625
2 0.62890625 0.83984375 0.01796875 0.08125
2 0.625 0.79453125 0.01640625 0.0515625
2 0.61328125 0.84453125 0.01015625 0.0640625
1 0.834375 0.1140625 0.0296875 0.08203125