0 0.96875 0.61640625 0.0625 0.09375
2 0.91875 0.39921875 0.00859375 0.02890625
2 0.8328125 0.54609375 0.01328125 0.0296875
2 0.9390625 0.5171875 0.00859375 0.03203125
2 0.825 0.3609375 0.0078125 0.03046875
2 0.7921875 0.38359375 0.0078125 0.03359375
2 0.790625 0.55 0.00859375 0.0421875
2 0.70546875 0.52109375 0.00703125 0.03203125
2 0.6875 0.559375 0.00859375 0.04140625
2 0.68046875 0.55546875 0.00859375 0.03828125
2 0.646875 0.55703125 0.009375 0.025
0 0.57578125 0.621875 0.16484375 0.109375
2 0.46875 0.58125 0.009375 0.0390625
2 0.396875 0.45546875 0.0078125 0.0328125
2 0.38828125 0.44296875 0.009375 0.03203125
2 0.34921875 0.49296875 0.00703125 0.0328125
2 0.43515625 0.58125 0.0078125 0.03984375
2 0.41015625 0.6203125 0.01171875 0.04140625
2 0.37734375 0.603125 0.01015625 0.03203125
2 0.3484375 0.61171875 0.009375 0.0375
2 0.33671875 0.5921875 0.01015625 0.040625
2 0.22265625 0.31640625 0.00625 0.028125
2 0.2359375 0.31875 0.0078125 0.025
2 0.24140625 0.32109375 0.00859375 0.02734375
2 0.2484375 0.39453125 0.00546875 0.03203125
2 0.23359375 0.41796875 0.00859375 0.034375
2 0.225 0.4296875 0.0078125 0.03046875
2 0.15390625 0.4 0.009375 0.03671875
2 0.1140625 0.309375 0.00625 0.02890625
2 0.08203125 0.3265625 0.00625 0.02890625
2 0.04921875 0.31328125 0.0078125 0.0375
2 0.04296875 0.29453125 0.00546875 0.02890625
2 0.0359375 0.28984375 0.00546875 0.0265625
2 0.0359375 0.3140625 0.00703125 0.03046875
2 0.03671875 0.1953125 0.00703125 0.0265625
2 0.02265625 0.1796875 0.00625 0.02421875
2 0.01875 0.184375 0.00859375 0.03125
2 0.02109375 0.1265625 0.00546875 0.02421875
2 0.09609375 0.4640625 0.0078125 0.034375
2 0.10859375 0.646875 0.01015625 0.03671875
2 0.0203125 0.66796875 0.0109375 0.03359375
2 0.01171875 0.7390625 0.01015625 0.04140625
2 0.00546875 0.7390625 0.009375 0.04375
2 0.07734375 0.69609375 0.0078125 0.0328125
2 0.0828125 0.7015625 0.0078125 0.0328125
2 0.1375 0.65859375 0.01015625 0.03359375
2 0.12109375 0.6859375 0.0109375 0.034375
2 0.25234375 0.58828125 0.00859375 0.0359375
2 0.26328125 0.6375 0.00859375 0.03359375
2 0.24921875 0.62890625 0.0078125 0.0328125
2 0.23359375 0.63203125 0.01015625 0.03046875
2 0.225 0.659375 0.01015625 0.03203125
2 0.24296875 0.6609375 0.00625 0.02265625
2 0.2578125 0.6515625 0.00703125 0.03203125
0 0.22734375 0.7328125 0.17109375 0.14140625