2 0.98984375 0.18671875 0.00859375 0.05859375
2 0.98203125 0.1109375 0.01328125 0.04375
2 0.95625 0.18359375 0.01328125 0.0546875
2 0.91171875 0.15625 0.01484375 0.04921875
2 0.8640625 0.26875 0.01328125 0.0484375
2 0.83203125 0.16484375 0.01171875 0.05390625
2 0.87734375 0.2640625 0.01171875 0.05859375
2 0.90078125 0.53984375 0.015625 0.06640625
2 0.75078125 0.15859375 0.0140625 0.05
2 0.8625 0.0390625 0.015625 0.040625
2 0.9078125 0.0484375 0.01015625 0.0515625
2 0.88125 0.08203125 0.0109375 0.04296875
2 0.80625 0.0265625 0.01015625 0.04375
2 0.71484375 0.06171875 0.009375 0.04375
2 0.88359375 0.03203125 0.01015625 0.046875
2 0.67734375 0.1296875 0.01015625 0.04453125
2 0.6765625 0.02890625 0.01015625 0.0359375
2 0.584375 0.0625 0.01015625 0.0453125
2 0.48359375 0.009375 0.0078125 0.01875
2 0.515625 0.0390625 0.01015625 0.04375
2 0.5515625 0.103125 0.0109375 0.04296875
2 0.590625 0.14921875 0.00859375 0.04921875
2 0.60078125 0.18203125 0.00703125 0.0484375
2 0.61171875 0.19609375 0.01171875 0.04296875
2 0.63125 0.20859375 0.0109375 0.05
2 0.61328125 0.24296875 0.0109375 0.05078125
2 0.62421875 0.2359375 0.01328125 0.053125
2 0.80859375 0.48125 0.01640625 0.07109375
2 0.81640625 0.37890625 0.01171875 0.05078125
2 0.778125 0.434375 0.01484375 0.053125
2 0.80078125 0.38125 0.01484375 0.06328125
2 0.7765625 0.378125 0.01328125 0.05
2 0.79140625 0.34296875 0.015625 0.05703125
2 0.7578125 0.353125 0.01484375 0.06328125
2 0.778125 0.34296875 0.01015625 0.03125
2 0.7328125 0.3640625 0.0109375 0.05546875
2 0.725 0.34609375 0.009375 0.0484375
2 0.715625 0.3375 0.01171875 0.0453125
2 0.71171875 0.31953125 0.01171875 0.04453125
2 0.7640625 0.39609375 0.01484375 0.05625
2 0.746875 0.3859375 0.0109375 0.03515625
2 0.7546875 0.41640625 0.01171875 0.06640625
2 0.69765625 0.309375 0.01171875 0.03125
2 0.68984375 0.29453125 0.01171875 0.04140625
2 0.675 0.2703125 0.0078125 0.0515625
2 0.67109375 0.2546875 0.01171875 0.05
2 0.6640625 0.2515625 0.01328125 0.0484375
2 0.6515625 0.121875 0.00703125 0.02421875
2 0.6375 0.28203125 0.01015625 0.05078125
2 0.64609375 0.29296875 0.00859375 0.06484375
2 0.64921875 0.23828125 0.01015625 0.03203125
1 0.7 0.4296875 0.11875 0.21875
2 0.08828125 0.76953125 0.01640625 0.07109375
2 0.01796875 0.540625 0.0109375 0.06953125
2 0.0390625 0.521875 0.00859375 0.0609375
2 0.046875 0.5140625 0.0203125 0.06484375
2 0.03984375 0.4375 0.01796875 0.06171875
2 0.134375 0.38515625 0.01328125 0.04296875
2 0.17109375 0.67265625 0.01171875 0.07109375
2 0.34296875 0.66171875 0.01640625 0.07578125
2 0.1828125 0.41875 0.01015625 0.0515625
2 0.19140625 0.41796875 0.0125 0.06953125
2 0.203125 0.4234375 0.009375 0.05390625
2 0.21015625 0.43671875 0.01015625 0.05703125
2 0.2125 0.4765625 0.0125 0.05703125
2 0.22265625 0.49375 0.01015625 0.065625
2 0.21484375 0.54609375 0.01953125 0.06953125
2 0.18359375 0.571875 0.01484375 0.06640625
2 0.19296875 0.596875 0.0125 0.065625
2 0.20546875 0.59140625 0.0125 0.078125
2 0.24609375 0.53359375 0.01171875 0.065625
2 0.23515625 0.54375 0.00859375 0.05859375
2 0.23203125 0.50546875 0.00859375 0.05390625
2 0.23671875 0.57578125 0.009375 0.06171875
2 0.24453125 0.584375 0.0125 0.065625
2 0.2390625 0.66015625 0.01640625 0.0703125
2 0.22578125 0.71484375 0.01328125 0.07578125
2 0.2203125 0.70703125 0.0109375 0.06328125
2 0.25859375 0.703125 0.01484375 0.07421875
2 0.2484375 0.75 0.0140625 0.05703125
2 0.2671875 0.63515625 0.01796875 0.0609375
2 0.25703125 0.67734375 0.01484375 0.05078125
2 0.28046875 0.659375 0.015625 0.0484375
2 0.2828125 0.71640625 0.0140625 0.06796875
2 0.29609375 0.68203125 0.01171875 0.06171875
2 0.29921875 0.73828125 0.0125 0.04296875
2 0.2984375 0.640625 0.0140625 0.05859375
2 0.309375 0.6265625 0.0140625 0.06875
2 0.31015625 0.71015625 0.01484375 0.071875
2 0.32578125 0.68203125 0.0140625 0.06953125
2 0.32578125 0.715625 0.01328125 0.0484375
2 0.34375 0.7796875 0.01484375 0.1109375
2 0.3984375 0.96484375 0.01640625 0.06484375
2 0.4578125 0.98671875 0.01328125 0.02109375
2 0.44921875 0.97421875 0.0125 0.046875
2 0.45078125 0.959375 0.0125 0.05078125
2 0.42890625 0.96015625 0.01328125 0.0609375
2 0.4296875 0.92890625 0.01484375 0.04453125
2 0.42109375 0.91484375 0.01640625 0.0609375
2 0.4109375 0.9 0.0171875 0.08359375
2 0.3953125 0.86875 0.01171875 0.065625
2 0.37109375 0.83984375 0.01796875 0.08125
2 0.375 0.79453125 0.01640625 0.0515625
2 0.38671875 0.84453125 0.01015625 0.0640625
1 0.165625 0.1140625 0.0296875 0.08203125