2 0.8625 0.90859375 0.02421875 0.08515625
2 0.97265625 0.79296875 0.01875 0.07578125
2 0.953125 0.79296875 0.02265625 0.07578125
2 0.9875 0.3046875 0.01484375 0.0609375
2 0.82421875 0.35859375 0.01640625 0.06171875
2 0.7953125 0.51640625 0.01484375 0.065625
0 0.715625 0.3671875 0.0875 0.190625
0 0.65 0.59765625 0.11796875 0.25703125
0 0.5953125 0.5203125 0.14765625 0.3234375
0 0.47578125 0.88125 0.171875 0.2375
2 0.3953125 0.3625 0.01328125 0.0703125
2 0.38359375 0.37578125 0.0171875 0.06640625
2 0.04375 0.56875 0.0140625 0.06640625
2 0.0671875 0.61875 0.01640625 0.075
2 0.1828125 0.49140625 0.01796875 0.06328125
2 0.1828125 0.44140625 0.01484375 0.0484375
2 0.21875 0.453125 0.01875 0.06328125
2 0.17890625 0.37265625 0.01328125 0.0265625
2 0.23828125 0.40546875 0.01484375 0.06328125
2 0.22734375 0.375 0.0125 0.05859375
2 0.23203125 0.34609375 0.01328125 0.059375
2 0.04765625 0.08359375 0.01171875 0.05234375
2 0.20234375 0.0375 0.01171875 0.0375
2 0.23203125 0.1 0.01171875 0.05078125
2 0.24296875 0.0859375 0.009375 0.0515625
2 0.2515625 0.09375 0.0125 0.04140625
2 0.29921875 0.040625 0.01171875 0.04921875
2 0.325 0.021875 0.01015625 0.03984375
2 0.3328125 0.059375 0.0109375 0.040625
2 0.43984375 0.06484375 0.009375 0.0453125
2 0.44453125 0.06640625 0.0125 0.04921875
2 0.4265625 0.121875 0.01171875 0.0421875
2 0.27265625 0.209375 0.0125 0.05
2 0.2671875 0.37109375 0.01328125 0.07734375
2 0.27421875 0.3546875 0.01328125 0.0578125
2 0.28515625 0.340625 0.01328125 0.05703125
2 0.3015625 0.32421875 0.0125 0.06484375
2 0.30859375 0.30625 0.009375 0.075
2 0.30859375 0.26875 0.01171875 0.06484375
2 0.33671875 0.3015625 0.01171875 0.05546875
2 0.328125 0.26953125 0.009375 0.05234375
2 0.3375 0.25078125 0.01328125 0.053125
2 0.3484375 0.23125 0.00703125 0.0453125
2 0.3765625 0.26484375 0.0140625 0.0625
2 0.38515625 0.2265625 0.01328125 0.0546875
2 0.21640625 0.28203125 0.0078125 0.0421875
2 0.22109375 0.28046875 0.00703125 0.02578125
2 0.24140625 0.25546875 0.0109375 0.02265625
2 0.2828125 0.20234375 0.0109375 0.01875
2 0.32734375 0.1484375 0.00859375 0.025
2 0.34296875 0.128125 0.00703125 0.01953125
2 0.36015625 0.1859375 0.01171875 0.05546875
2 0.3296875 0.234375 0.0078125 0.02578125
2 0.41015625 0.209375 0.0125 0.0640625
2 0.41640625 0.1796875 0.00703125 0.05234375
2 0.4359375 0.16484375 0.01171875 0.05234375
2 0.4265625 0.19375 0.00859375 0.05078125
0 0.24921875 0.20546875 0.165625 0.25625
1 0.84296875 0.08828125 0.05546875 0.0859375
2 0.78203125 0.09453125 0.01015625 0.05390625
2 0.76328125 0.1015625 0.01015625 0.04609375
2 0.76796875 0.1 0.01015625 0.06328125