2 0.7953125 0.42109375 0.0140625 0.06171875
2 0.8265625 0.575 0.01875 0.065625
2 0.9796875 0.49609375 0.0078125 0.059375
2 0.9578125 0.57734375 0.0078125 0.05859375
2 0.9453125 0.5640625 0.01171875 0.05859375
2 0.9328125 0.5796875 0.01484375 0.07109375
2 0.98359375 0.6953125 0.01171875 0.0703125
2 0.96640625 0.7953125 0.01875 0.071875
2 0.8359375 0.92890625 0.0171875 0.071875
2 0.79609375 0.62109375 0.009375 0.071875
2 0.74296875 0.57890625 0.01328125 0.04140625
2 0.7625 0.67734375 0.0125 0.07109375
2 0.75078125 0.73203125 0.01796875 0.07578125
2 0.7328125 0.62109375 0.01015625 0.06875
2 0.709375 0.6828125 0.01640625 0.06171875
2 0.71328125 0.74375 0.01171875 0.05703125
2 0.634375 0.80078125 0.01171875 0.075
2 0.71640625 0.715625 0.00546875 0.06953125
2 0.6296875 0.77421875 0.01328125 0.06875
2 0.60859375 0.95078125 0.021875 0.05859375
2 0.5671875 0.96484375 0.01484375 0.0515625
2 0.5984375 0.8890625 0.01328125 0.05703125
2 0.56953125 0.91953125 0.0171875 0.03046875
2 0.60546875 0.86171875 0.01484375 0.06328125
2 0.6078125 0.82421875 0.0109375 0.0390625
2 0.0265625 0.9203125 0.02265625 0.07421875
2 0.021875 0.72109375 0.0171875 0.07578125
2 0.04921875 0.68125 0.01796875 0.06484375
2 0.07265625 0.628125 0.01640625 0.06796875
2 0.1671875 0.5421875 0.01640625 0.06953125
2 0.12734375 0.309375 0.015625 0.059375
2 0.103125 0.525 0.0125 0.06640625
2 0.05859375 0.34765625 0.015625 0.0546875
2 0.2765625 0.35 0.01015625 0.04609375
2 0.2484375 0.390625 0.01640625 0.06796875
2 0.2125 0.32734375 0.01328125 0.05625
2 0.06015625 0.31015625 0.01484375 0.040625
1 0.1328125 0.70390625 0.1296875 0.2046875
1 0.309375 0.39140625 0.08984375 0.18125
0 0.421875 0.32421875 0.13203125 0.246875
2 0.01484375 0.20546875 0.01484375 0.05390625
2 0.0375 0.246875 0.01171875 0.0515625
2 0.08359375 0.21953125 0.0125 0.04609375
2 0.1671875 0.20625 0.01328125 0.0484375
2 0.1125 0.23125 0.01171875 0.0484375
2 0.12421875 0.23125 0.015625 0.05390625
2 0.10625 0.140625 0.0109375 0.04375
2 0.1171875 0.13046875 0.009375 0.046875
2 0.103125 0.0890625 0.0125 0.0453125
2 0.128125 0.06875 0.0109375 0.04140625
2 0.21875 0.1265625 0.01015625 0.0453125
2 0.071875 0.03671875 0.01171875 0.0484375
2 0.23828125 0.0609375 0.01015625 0.04453125
2 0.24609375 0.01875 0.00859375 0.03671875
2 0.28828125 0.0640625 0.01171875 0.0453125
2 0.26953125 0.08203125 0.00703125 0.0390625
2 0.3640625 0.03125 0.01015625 0.0359375
2 0.309375 0.02109375 0.00625 0.040625
2 0.29296875 0.02109375 0.00859375 0.03671875
2 0.434375 0.0671875 0.00859375 0.0453125
2 0.47890625 0.03125 0.01171875 0.04921875
2 0.4234375 0.16640625 0.009375 0.046875
2 0.2453125 0.35078125 0.01171875 0.04296875
2 0.23671875 0.2609375 0.009375 0.02421875
2 0.21796875 0.31171875 0.00390625 0.06484375
2 0.30390625 0.2671875 0.01015625 0.05859375
2 0.39296875 0.22578125 0.0125 0.053125
2 0.353125 0.28125 0.009375 0.05546875
2 0.35859375 0.271875 0.00859375 0.05390625
2 0.346875 0.2671875 0.01015625 0.0546875
2 0.3375 0.2734375 0.01015625 0.03828125
2 0.3296875 0.290625 0.0109375 0.02421875
2 0.33984375 0.2328125 0.01015625 0.04375
2 0.41328125 0.14921875 0.01015625 0.05
2 0.375 0.08359375 0.0078125 0.0265625
2 0.409375 0.109375 0.01171875 0.05078125
2 0.3796875 0.17421875 0.01328125 0.04375
2 0.33828125 0.14140625 0.00859375 0.04375
0 0.2703125 0.19375 0.159375 0.26484375