2 0.00859375 0.34296875 0.0125 0.0484375
2 0.04609375 0.26328125 0.01171875 0.0453125
2 0.13984375 0.134375 0.0109375 0.053125
2 0.1171875 0.0234375 0.01015625 0.0453125
2 0.0921875 0.09921875 0.0109375 0.0515625
2 0.26171875 0.0765625 0.01015625 0.04296875
2 0.009375 0.0921875 0.0109375 0.04375
2 0.04375 0.10859375 0.0140625 0.046875
2 0.0375 0.07734375 0.01015625 0.053125
2 0.03203125 0.08359375 0.009375 0.0453125
2 0.32109375 0.08984375 0.0125 0.04609375
2 0.32578125 0.0265625 0.009375 0.04375
2 0.29296875 0.096875 0.009375 0.0453125
2 0.54609375 0.06015625 0.01171875 0.0390625
2 0.51953125 0.015625 0.01015625 0.03046875
2 0.48515625 0.04140625 0.00859375 0.04609375
2 0.44765625 0.10078125 0.00859375 0.04453125
2 0.4359375 0.109375 0.009375 0.05078125
2 0.415625 0.0609375 0.0078125 0.04609375
2 0.3484375 0.0140625 0.009375 0.028125
2 0.41953125 0.16171875 0.01171875 0.04609375
2 0.4 0.17890625 0.00859375 0.04453125
2 0.409375 0.153125 0.00625 0.04921875
2 0.38515625 0.19921875 0.01015625 0.05390625
2 0.36875 0.20703125 0.0140625 0.0484375
2 0.334375 0.146875 0.01015625 0.021875
2 0.27734375 0.215625 0.00703125 0.0296875
2 0.346875 0.11875 0.0078125 0.025
2 0.371875 0.253125 0.00859375 0.06015625
2 0.36796875 0.26953125 0.009375 0.05625
2 0.08984375 0.46875 0.0171875 0.05625
2 0.090625 0.534375 0.01796875 0.06796875
2 0.103125 0.52578125 0.01171875 0.075
2 0.18984375 0.478125 0.01015625 0.06953125
2 0.1859375 0.38359375 0.0125 0.0640625
2 0.1984375 0.40625 0.01171875 0.059375
2 0.22578125 0.43828125 0.01328125 0.05625
2 0.25390625 0.39453125 0.01015625 0.059375
2 0.27734375 0.40859375 0.0125 0.05625
2 0.19921875 0.33984375 0.009375 0.03515625
2 0.2328125 0.39921875 0.0109375 0.0640625
2 0.22109375 0.37890625 0.0109375 0.05390625
2 0.203125 0.37421875 0.01328125 0.05859375
2 0.265625 0.3625 0.015625 0.06171875
2 0.240625 0.35078125 0.01328125 0.0546875
2 0.2109375 0.346875 0.01171875 0.046875
2 0.27421875 0.34921875 0.009375 0.05546875
2 0.2875 0.3328125 0.01171875 0.06171875
2 0.30859375 0.3625 0.01171875 0.06015625
2 0.2859375 0.38203125 0.01484375 0.06328125
2 0.2828125 0.3390625 0.01328125 0.04453125
2 0.3109375 0.2984375 0.0140625 0.046875
2 0.30390625 0.3171875 0.01328125 0.0640625
2 0.3296875 0.2875 0.01328125 0.05859375
2 0.328125 0.240625 0.0140625 0.02109375
2 0.35 0.30078125 0.01171875 0.06015625
2 0.3578125 0.2859375 0.01328125 0.065625
2 0.34921875 0.23515625 0.0140625 0.0296875
2 0.3453125 0.25859375 0.01015625 0.0359375
2 0.86796875 0.3859375 0.01171875 0.034375
2 0.7953125 0.42578125 0.01015625 0.06015625
2 0.825 0.6890625 0.01015625 0.07578125
2 0.81953125 0.57578125 0.01171875 0.06953125
2 0.80390625 0.5625 0.01328125 0.06796875
2 0.7921875 0.5875 0.0078125 0.07109375
2 0.79609375 0.634375 0.01328125 0.06796875
2 0.65 0.809375 0.0078125 0.046875
2 0.628125 0.82421875 0.0109375 0.07890625
2 0.66015625 0.6921875 0.0109375 0.0734375
2 0.67734375 0.7296875 0.0109375 0.05390625
2 0.6484375 0.7484375 0.01484375 0.078125
2 0.6609375 0.75546875 0.0140625 0.059375
2 0.690625 0.62890625 0.0140625 0.0640625
2 0.71015625 0.61796875 0.0125 0.07421875
2 0.69765625 0.69296875 0.01328125 0.07578125
2 0.71953125 0.6359375 0.01484375 0.06328125
2 0.7640625 0.75859375 0.01171875 0.04921875
2 0.7015625 0.7390625 0.01171875 0.034375
2 0.73671875 0.63125 0.01015625 0.06796875
2 0.75703125 0.63671875 0.0125 0.071875
2 0.74296875 0.70390625 0.01328125 0.0734375
2 0.77421875 0.71015625 0.01953125 0.06328125
2 0.72265625 0.75546875 0.0125 0.03359375
2 0.784375 0.5390625 0.0109375 0.059375
2 0.78671875 0.503125 0.01171875 0.05078125
2 0.71328125 0.71484375 0.01171875 0.06484375
2 0.7546875 0.53125 0.01484375 0.06328125
2 0.76875 0.50703125 0.0078125 0.05703125
2 0.76640625 0.54453125 0.01171875 0.05625
2 0.7625 0.56328125 0.0109375 0.0609375
2 0.7578125 0.56875 0.01171875 0.05625
2 0.74609375 0.6 0.01171875 0.0609375
2 0.571875 0.959375 0.01484375 0.0484375
2 0.56953125 0.94296875 0.01484375 0.05078125
2 0.609375 0.81328125 0.0140625 0.0765625
2 0.59140625 0.81796875 0.01171875 0.03984375
2 0.57578125 0.85 0.0140625 0.0484375
2 0.59140625 0.86640625 0.015625 0.05390625
2 0.56640625 0.88359375 0.0109375 0.0546875
2 0.553125 0.9140625 0.01328125 0.06796875
2 0.55390625 0.94921875 0.01171875 0.08125
2 0.54453125 0.95546875 0.01015625 0.0703125
2 0.53671875 0.96484375 0.01484375 0.0703125
0 0.490625 0.840625 0.196875 0.31875
2 0.7875 0.44609375 0.0109375 0.065625