2 0.95234375 0.0765625 0.0125 0.04609375
2 0.9171875 0.090625 0.009375 0.046875
2 0.803125 0.059375 0.01484375 0.04609375
2 0.78984375 0.0546875 0.01171875 0.0484375
2 0.75703125 0.10234375 0.0125 0.06015625
2 0.74765625 0.0984375 0.0109375 0.05546875
2 0.684375 0.0828125 0.01328125 0.0421875
2 0.57265625 0.1 0.01171875 0.0546875
0 0.815625 0.6046875 0.20625 0.3421875
0 0.5078125 0.86015625 0.18515625 0.27890625
1 0.159375 0.08515625 0.0515625 0.09375
1 0.2359375 0.19921875 0.05390625 0.15859375
0 0.38515625 0.56171875 0.14375 0.33515625
2 0.3125 0.33671875 0.01015625 0.06171875
2 0.21171875 0.38046875 0.01328125 0.05390625
2 0.203125 0.38671875 0.0171875 0.0578125
2 0.23984375 0.4234375 0.0140625 0.0703125
2 0.196875 0.4765625 0.01328125 0.06796875
2 0.22421875 0.44921875 0.0109375 0.040625
2 0.21015625 0.475 0.01328125 0.0703125
2 0.2203125 0.47109375 0.01171875 0.0625
2 0.27578125 0.4734375 0.0140625 0.0484375
2 0.259375 0.47109375 0.015625 0.04609375
2 0.275 0.5109375 0.01484375 0.0609375
2 0.259375 0.525 0.01796875 0.06640625
2 0.3234375 0.6875 0.01875 0.059375
2 0.31640625 0.72421875 0.0125 0.059375
2 0.325 0.74609375 0.0125 0.04296875
2 0.3015625 0.7390625 0.01171875 0.04140625
2 0.26328125 0.7375 0.01640625 0.08125
2 0.23046875 0.75546875 0.01796875 0.0609375
2 0.23046875 0.71484375 0.0140625 0.04609375
2 0.18046875 0.65 0.01484375 0.07421875
2 0.10546875 0.59453125 0.01328125 0.06953125
2 0.2296875 0.67890625 0.01640625 0.0484375
2 0.2421875 0.6734375 0.01484375 0.07890625
2 0.29609375 0.72421875 0.01328125 0.05
2 0.30546875 0.68671875 0.01484375 0.075
2 0.290625 0.6875 0.0109375 0.0625
2 0.2828125 0.67578125 0.00859375 0.06875
2 0.28203125 0.63984375 0.01328125 0.04375
2 0.26796875 0.646875 0.0171875 0.07734375
2 0.26484375 0.596875 0.01171875 0.03828125
2 0.25625 0.58125 0.01484375 0.0765625
2 0.23515625 0.61484375 0.01484375 0.059375
2 0.23203125 0.58125 0.01328125 0.0578125
2 0.24453125 0.56875 0.0109375 0.07890625
2 0.21171875 0.571875 0.01484375 0.06875
2 0.2203125 0.54609375 0.01484375 0.0671875
2 0.2421875 0.51953125 0.015625 0.03828125
2 0.23046875 0.5015625 0.01015625 0.053125
2 0.2375 0.51875 0.01171875 0.06015625
2 0.0640625 0.978125 0.0125 0.04375
2 0.8046875 0.4609375 0.01328125 0.04375
2 0.81328125 0.4078125 0.01015625 0.06796875
2 0.815625 0.37109375 0.01484375 0.03203125
2 0.79609375 0.35703125 0.01328125 0.0625
2 0.7640625 0.4109375 0.01171875 0.05703125
2 0.77578125 0.38359375 0.0171875 0.065625
2 0.7296875 0.37890625 0.015625 0.07421875
2 0.7234375 0.35703125 0.01171875 0.05546875
2 0.71171875 0.33515625 0.01328125 0.06640625
2 0.70234375 0.321875 0.0125 0.06640625
2 0.69375 0.309375 0.0125 0.06328125
2 0.6703125 0.271875 0.0140625 0.05703125
2 0.63359375 0.259375 0.015625 0.0546875
2 0.61484375 0.22578125 0.0171875 0.05625
2 0.59921875 0.175 0.0109375 0.0609375
2 0.58671875 0.1828125 0.0125 0.06328125
2 0.63203125 0.2125 0.01171875 0.05
2 0.65078125 0.23671875 0.009375 0.05390625
2 0.67890625 0.259375 0.00859375 0.05078125
2 0.68671875 0.27265625 0.00859375 0.05078125
2 0.7671875 0.33828125 0.01171875 0.04921875
2 0.665625 0.22421875 0.01171875 0.028125
2 0.66171875 0.25078125 0.01171875 0.05
2 0.6359375 0.184375 0.00703125 0.040625
2 0.021875 0.0234375 0.0078125 0.040625
2 0.03828125 0.0859375 0.01171875 0.0484375