2 0.1546875 0.04140625 0.0125 0.04296875
2 0.25234375 0.08125 0.009375 0.04609375
2 0.3296875 0.01875 0.0078125 0.03671875
2 0.2046875 0.246875 0.01328125 0.05546875
2 0.21171875 0.3203125 0.01171875 0.05078125
2 0.48203125 0.0453125 0.0078125 0.04140625
2 0.4578125 0.059375 0.01015625 0.0546875
2 0.44765625 0.10234375 0.0125 0.040625
2 0.4578125 0.02109375 0.0078125 0.0390625
2 0.41015625 0.1546875 0.009375 0.0453125
2 0.39921875 0.18359375 0.009375 0.05
2 0.009375 0.346875 0.009375 0.04609375
2 0.0140625 0.36953125 0.0125 0.05078125
2 0.09609375 0.309375 0.0140625 0.05546875
2 0.03125 0.584375 0.0140625 0.0625
2 0.1140625 0.575 0.01015625 0.06953125
2 0.1921875 0.478125 0.0140625 0.06484375
2 0.1453125 0.3578125 0.0125 0.03671875
2 0.16953125 0.36796875 0.009375 0.034375
2 0.19453125 0.38984375 0.0109375 0.059375
2 0.23046875 0.409375 0.0140625 0.06015625
2 0.04921875 0.39375 0.01328125 0.03125
2 0.3859375 0.20078125 0.01171875 0.059375
2 0.0609375 0.20390625 0.01328125 0.06015625
2 0.0734375 0.17265625 0.0078125 0.05234375
2 0.1234375 0.11484375 0.01328125 0.059375
2 0.2390625 0.3375 0.009375 0.040625
2 0.25390625 0.3984375 0.01171875 0.05546875
2 0.24296875 0.3890625 0.01015625 0.06171875
2 0.26796875 0.41953125 0.01015625 0.053125
2 0.2734375 0.39609375 0.01328125 0.04921875
2 0.28984375 0.38046875 0.01328125 0.06328125
2 0.2828125 0.34921875 0.0109375 0.05703125
2 0.30625 0.340625 0.01171875 0.0546875
2 0.28671875 0.32578125 0.0078125 0.05546875
2 0.3 0.30703125 0.0109375 0.03671875
2 0.31015625 0.29375 0.0109375 0.0453125
2 0.3203125 0.34140625 0.01171875 0.053125
2 0.3328125 0.321875 0.01484375 0.06171875
2 0.340625 0.29609375 0.01171875 0.05546875
2 0.32734375 0.278125 0.01171875 0.05
2 0.325 0.24921875 0.01171875 0.04140625
2 0.34375 0.24921875 0.009375 0.0484375
2 0.3578125 0.2390625 0.0109375 0.0515625
2 0.36875 0.20625 0.0078125 0.0484375
2 0.378125 0.2484375 0.00859375 0.059375
2 0.36796875 0.2609375 0.009375 0.06328125
2 0.36484375 0.2734375 0.01171875 0.06796875
2 0.28046875 0.22109375 0.01328125 0.0390625
2 0.35 0.11953125 0.00703125 0.0203125
2 0.3609375 0.10859375 0.0109375 0.01875
1 0.83125 0.1171875 0.0328125 0.08828125
2 0.91484375 0.29453125 0.01171875 0.04609375
2 0.971875 0.40546875 0.01484375 0.06015625
2 0.84921875 0.3828125 0.01640625 0.0359375
2 0.98125 0.7671875 0.01328125 0.0640625
2 0.93203125 0.753125 0.015625 0.06953125
2 0.85859375 0.71953125 0.015625 0.0796875
2 0.6578125 0.6640625 0.01640625 0.0703125
2 0.78125 0.76796875 0.01015625 0.0515625
2 0.81953125 0.62109375 0.01640625 0.07109375
2 0.81875 0.575 0.0171875 0.06640625
2 0.796875 0.590625 0.01640625 0.0703125
2 0.79140625 0.53203125 0.01640625 0.06640625
2 0.78046875 0.72109375 0.01328125 0.06328125
2 0.7859375 0.71328125 0.0140625 0.07109375
2 0.5625 0.98359375 0.0140625 0.03046875
2 0.571875 0.953125 0.01484375 0.05703125
2 0.615625 0.959375 0.02109375 0.075
2 0.5734375 0.9296875 0.01953125 0.078125
2 0.55703125 0.90859375 0.0109375 0.0703125
2 0.59296875 0.88984375 0.01640625 0.0703125
2 0.60546875 0.8671875 0.01328125 0.05859375
2 0.61484375 0.840625 0.01171875 0.05078125
2 0.62734375 0.83046875 0.01328125 0.0890625
2 0.653125 0.7953125 0.0140625 0.07578125
2 0.6734375 0.75625 0.01015625 0.0453125
2 0.67265625 0.703125 0.01796875 0.053125
2 0.68515625 0.69296875 0.009375 0.0890625
2 0.69140625 0.6265625 0.01484375 0.06171875
2 0.7296875 0.73046875 0.01484375 0.078125
2 0.75078125 0.709375 0.01484375 0.065625
2 0.77109375 0.675 0.015625 0.06875
2 0.715625 0.70078125 0.01328125 0.0765625
2 0.7296875 0.65703125 0.01640625 0.06796875
2 0.70859375 0.67109375 0.01484375 0.07109375
2 0.70625 0.64921875 0.0109375 0.075
2 0.72265625 0.63828125 0.01171875 0.06875
2 0.79375 0.4109375 0.01640625 0.034375
2 0.7953125 0.4609375 0.01328125 0.0703125
2 0.7859375 0.484375 0.01328125 0.059375
2 0.77109375 0.54296875 0.01328125 0.06875
2 0.76171875 0.58046875 0.01171875 0.07109375
2 0.746875 0.596875 0.01484375 0.06953125
2 0.75234375 0.5453125 0.01171875 0.04296875
2 0.77421875 0.4859375 0.0109375 0.0546875
2 0.75625 0.51875 0.01015625 0.03203125