2 0.19296875 0.3578125 0.01171875 0.05859375
2 0.24296875 0.359375 0.01484375 0.053125
2 0.09921875 0.55 0.01484375 0.06328125
2 0.0953125 0.509375 0.01484375 0.04921875
2 0.240625 0.40625 0.00859375 0.06171875
2 0.24921875 0.415625 0.009375 0.0640625
2 0.27109375 0.3859375 0.009375 0.065625
2 0.265625 0.371875 0.01015625 0.05859375
2 0.078125 0.1 0.0078125 0.04453125
2 0.10625 0.05859375 0.0109375 0.04609375
2 0.16484375 0.0859375 0.01171875 0.0453125
2 0.0953125 0.1109375 0.01328125 0.04609375
2 0.11953125 0.22890625 0.0140625 0.053125
2 0.11953125 0.19453125 0.01015625 0.04296875
2 0.10859375 0.19609375 0.0109375 0.05859375
2 0.0515625 0.18203125 0.00859375 0.05078125
2 0.04140625 0.18203125 0.00703125 0.04296875
2 0.04453125 0.1890625 0.01015625 0.05390625
2 0.134375 0.01953125 0.0109375 0.03359375
2 0.23828125 0.04609375 0.01015625 0.03125
2 0.25625 0.078125 0.0109375 0.04140625
2 0.44375 0.13046875 0.00859375 0.05078125
2 0.44609375 0.034375 0.01015625 0.05078125
2 0.47109375 0.0734375 0.01015625 0.0484375
2 0.40703125 0.0671875 0.00703125 0.04375
2 0.30625 0.040625 0.0078125 0.04609375
2 0.30390625 0.09765625 0.00859375 0.04375
2 0.33671875 0.09609375 0.0109375 0.04375
2 0.2828125 0.03671875 0.0109375 0.04375
2 0.27734375 0.0609375 0.009375 0.0515625
2 0.40390625 0.0859375 0.0109375 0.025
2 0.4203125 0.13125 0.01015625 0.04453125
2 0.4125 0.14453125 0.0109375 0.046875
2 0.39140625 0.1984375 0.00703125 0.040625
2 0.37578125 0.259375 0.01171875 0.053125
2 0.36484375 0.27890625 0.009375 0.05078125
2 0.353125 0.284375 0.0109375 0.06171875
2 0.3296875 0.25625 0.0109375 0.05078125
2 0.36640625 0.2234375 0.00703125 0.04453125
2 0.35546875 0.23203125 0.00703125 0.04140625
2 0.33984375 0.23203125 0.0078125 0.04140625
2 0.30625 0.2609375 0.0078125 0.04375
2 0.303125 0.30234375 0.01171875 0.0359375
2 0.29375 0.3265625 0.01796875 0.02421875
2 0.2765625 0.33984375 0.01171875 0.04296875
2 0.2796875 0.21875 0.0078125 0.0359375
2 0.33046875 0.15078125 0.00703125 0.0234375
2 0.29296875 0.30546875 0.00859375 0.03046875
2 0.321875 0.27109375 0.01171875 0.05703125
1 0.309375 0.39453125 0.08671875 0.165625
2 0.9921875 0.35703125 0.01015625 0.0453125
2 0.99140625 0.42109375 0.01484375 0.05390625
2 0.97421875 0.72109375 0.01328125 0.0640625
2 0.92578125 0.6609375 0.0140625 0.07421875
2 0.88125 0.75 0.0109375 0.07421875
2 0.55625 0.88046875 0.0171875 0.07890625
2 0.578125 0.89375 0.0125 0.0734375
2 0.590625 0.90859375 0.0140625 0.0625
2 0.6 0.88203125 0.01015625 0.05703125
2 0.71796875 0.74140625 0.0140625 0.04140625
2 0.7671875 0.76171875 0.01171875 0.04765625
2 0.5625 0.9828125 0.0125 0.03046875
2 0.81875 0.70859375 0.01328125 0.0671875
2 0.78671875 0.6421875 0.01171875 0.07109375
2 0.80234375 0.6734375 0.01328125 0.07109375
2 0.7765625 0.56171875 0.01484375 0.05546875
2 0.7328125 0.56796875 0.0109375 0.0609375
2 0.79609375 0.40859375 0.00625 0.0390625
2 0.784375 0.4796875 0.0109375 0.06015625
2 0.790625 0.4421875 0.009375 0.0390625
2 0.78359375 0.45390625 0.01171875 0.0421875
2 0.7125 0.6984375 0.0125 0.03984375
2 0.71796875 0.63125 0.01015625 0.0578125
2 0.7515625 0.64453125 0.0109375 0.0640625
2 0.59765625 0.80078125 0.0125 0.0671875
2 0.5984375 0.74765625 0.01484375 0.0453125
2 0.61640625 0.765625 0.0125 0.053125
2 0.6109375 0.71875 0.0109375 0.03203125
2 0.62890625 0.7296875 0.01484375 0.065625
2 0.65 0.76328125 0.0140625 0.0765625
2 0.69140625 0.62421875 0.01015625 0.06875
2 0.65234375 0.6328125 0.01015625 0.05078125
2 0.66640625 0.62734375 0.009375 0.0609375
2 0.640625 0.6984375 0.0125 0.040625
2 0.66484375 0.709375 0.0125 0.0484375
2 0.6671875 0.7546875 0.01484375 0.0609375
2 0.6515625 0.67890625 0.0125 0.0453125
2 0.66171875 0.6625 0.0171875 0.03984375
2 0.68125 0.5390625 0.0078125 0.0515625
2 0.69296875 0.52578125 0.00859375 0.03359375
2 0.6875 0.57421875 0.0109375 0.040625
2 0.7078125 0.55390625 0.0140625 0.06484375
2 0.6609375 0.60390625 0.0125 0.0375
2 0.0265625 0.20703125 0.0125 0.0484375
2 0.021875 0.2046875 0.0078125 0.0515625
0 0.6359375 0.528125 0.1328125 0.3125