1 0.2921875 0.5265625 0.103125 0.19765625
1 0.409375 0.6671875 0.09609375 0.18046875
0 0.71328125 0.165625 0.15546875 0.2421875
0 0.89453125 0.396875 0.15 0.271875
2 0.88125 0.2453125 0.0140625 0.05234375
2 0.86796875 0.121875 0.0125 0.0359375
2 0.8421875 0.1421875 0.01328125 0.05234375
2 0.7828125 0.11796875 0.009375 0.03359375
2 0.79453125 0.10859375 0.01171875 0.04609375
2 0.675 0.02890625 0.01328125 0.03671875
2 0.47578125 0.02265625 0.0125 0.04140625
2 0.48828125 0.03984375 0.00859375 0.0484375
2 0.5328125 0.0234375 0.01015625 0.0453125
2 0.54765625 0.02890625 0.01171875 0.04921875
2 0.54375 0.1375 0.0109375 0.05234375
2 0.56171875 0.12421875 0.009375 0.053125
2 0.578125 0.096875 0.01015625 0.0453125
2 0.64609375 0.015625 0.0078125 0.03125
2 0.5828125 0.1296875 0.00546875 0.04765625
2 0.56953125 0.15 0.0078125 0.0453125
2 0.6140625 0.24140625 0.0125 0.04765625
2 0.59296875 0.17578125 0.0109375 0.05234375
2 0.60859375 0.18984375 0.00703125 0.05625
2 0.64765625 0.25859375 0.0125 0.0578125
2 0.6578125 0.30234375 0.01484375 0.05234375
2 0.68984375 0.35234375 0.0078125 0.05234375
2 0.67265625 0.275 0.01171875 0.0421875
2 0.6671875 0.24765625 0.0140625 0.0453125
2 0.65390625 0.23046875 0.0078125 0.04140625
2 0.7328125 0.22109375 0.0078125 0.025
2 0.715625 0.2171875 0.009375 0.0390625
2 0.72109375 0.3734375 0.01484375 0.0578125
2 0.746875 0.41328125 0.01015625 0.0625
2 0.759375 0.40546875 0.01328125 0.0640625
2 0.78515625 0.4015625 0.0125 0.05859375
2 0.77578125 0.38828125 0.009375 0.0484375
2 0.8015625 0.3890625 0.0125 0.06484375
2 0.8109375 0.38203125 0.01015625 0.065625
2 0.8125 0.340625 0.01015625 0.04140625
2 0.76640625 0.3453125 0.00703125 0.0515625
2 0.70234375 0.31484375 0.01015625 0.06015625
2 0.6390625 0.20859375 0.00859375 0.053125
2 0.78828125 0.30390625 0.00546875 0.040625
2 0.7515625 0.3671875 0.009375 0.04296875
2 0.74453125 0.3734375 0.01015625 0.0546875
2 0.8109375 0.50859375 0.01328125 0.08046875
2 0.01796875 0.38671875 0.015625 0.06171875
2 0.1734375 0.39375 0.015625 0.05859375
2 0.40703125 0.88203125 0.0171875 0.07265625
2 0.42734375 0.91953125 0.01484375 0.07265625
2 0.36015625 0.8546875 0.01484375 0.0359375
2 0.27109375 0.73515625 0.01171875 0.075
2 0.25859375 0.70078125 0.01484375 0.065625
2 0.2515625 0.62734375 0.0109375 0.05078125
2 0.2328125 0.60546875 0.0140625 0.0671875
2 0.24296875 0.6515625 0.0109375 0.08203125
2 0.2015625 0.42109375 0.01171875 0.04453125
2 0.20625 0.43671875 0.009375 0.05234375
2 0.221875 0.4890625 0.0125 0.0390625
2 0.22421875 0.51640625 0.01171875 0.053125
2 0.23125 0.54609375 0.01484375 0.05234375
2 0.21171875 0.45078125 0.00703125 0.04765625