1 0.7078125 0.42890625 0.096875 0.20390625
1 0.409375 0.27578125 0.090625 0.15625
0 0.26484375 0.1875 0.15703125 0.2515625
0 0.46015625 0.865625 0.21015625 0.265625
0 0.5015625 0.66796875 0.2015625 0.340625
2 0.80390625 0.58828125 0.0171875 0.053125
2 0.79296875 0.39453125 0.01171875 0.06953125
2 0.81796875 0.41171875 0.01328125 0.06171875
2 0.77578125 0.45390625 0.015625 0.059375
2 0.746875 0.68515625 0.01015625 0.071875
2 0.734375 0.61015625 0.009375 0.06328125
2 0.7296875 0.64453125 0.0171875 0.0625
2 0.6390625 0.690625 0.0171875 0.06328125
2 0.68984375 0.70703125 0.00859375 0.0625
2 0.6671875 0.715625 0.0140625 0.06328125
2 0.7578125 0.4390625 0.0125 0.059375
2 0.459375 0.0984375 0.0109375 0.053125
2 0.32109375 0.028125 0.009375 0.0390625
2 0.30859375 0.03984375 0.0125 0.040625
2 0.209375 0.4390625 0.01953125 0.06796875
2 0.08515625 0.5 0.0046875 0.0578125
2 0.41484375 0.15703125 0.0140625 0.04609375
2 0.19609375 0.378125 0.01015625 0.053125
2 0.24921875 0.39921875 0.0125 0.06484375
2 0.21796875 0.3203125 0.01171875 0.053125
2 0.08515625 0.315625 0.0125 0.05234375
2 0.13984375 0.2953125 0.00703125 0.05078125
2 0.23984375 0.3453125 0.0109375 0.05
2 0.303125 0.36015625 0.015625 0.0703125
2 0.06015625 0.26640625 0.01640625 0.04296875
2 0.0390625 0.253125 0.01484375 0.0546875
2 0.1140625 0.0546875 0.009375 0.04609375
2 0.16484375 0.16484375 0.01328125 0.05234375
2 0.153125 0.08828125 0.01640625 0.040625
2 0.17109375 0.13359375 0.009375 0.04296875
2 0.15234375 0.27734375 0.0140625 0.05703125
2 0.32578125 0.32421875 0.0109375 0.065625
2 0.3234375 0.26640625 0.0109375 0.0515625
2 0.34453125 0.290625 0.01015625 0.06328125
2 0.37578125 0.23828125 0.00625 0.04609375
2 0.38125 0.215625 0.0015625 0.00078125
2 0.3609375 0.23671875 0.01171875 0.06640625
2 0.3515625 0.2640625 0.0078125 0.06015625
2 0.4234375 0.10390625 0.0078125 0.04375