0 0.09453125 0.6234375 0.14609375 0.11015625
2 0.159375 0.21796875 0.009375 0.025
2 0.23125 0.36796875 0.01015625 0.021875
2 0.28828125 0.52734375 0.0078125 0.0296875
2 0.11640625 0.5171875 0.01171875 0.028125
2 0.32265625 0.33046875 0.01015625 0.0296875
2 0.5 0.34296875 0.00625 0.02578125
2 0.49453125 0.5640625 0.01015625 0.04609375
2 0.5703125 0.35234375 0.00625 0.03125
2 0.56484375 0.35390625 0.00546875 0.021875
2 0.53515625 0.53828125 0.00859375 0.028125
2 0.5421875 0.54609375 0.0078125 0.0328125
2 0.5546875 0.56796875 0.00703125 0.04375
2 0.625 0.60859375 0.0109375 0.04140625
2 0.63203125 0.46640625 0.00703125 0.03671875
2 0.64375 0.63046875 0.009375 0.0421875
2 0.7 0.49921875 0.01015625 0.03671875
2 0.6734375 0.5671875 0.00703125 0.0375
2 0.665625 0.56953125 0.00859375 0.0234375
2 0.66328125 0.59609375 0.0078125 0.03671875
2 0.68046875 0.621875 0.00546875 0.03984375
2 0.6890625 0.6328125 0.0109375 0.03984375
2 0.75 0.65546875 0.00703125 0.0390625
2 0.78359375 0.67109375 0.0078125 0.04296875
2 0.815625 0.66875 0.009375 0.0421875
2 0.8625 0.6109375 0.00859375 0.03671875
2 0.81328125 0.56953125 0.0078125 0.0359375
2 0.82421875 0.575 0.00859375 0.03515625
2 0.83359375 0.5734375 0.00703125 0.03359375
2 0.92734375 0.45390625 0.00625 0.02890625
2 0.96796875 0.47890625 0.00625 0.02890625
2 0.925 0.67734375 0.01484375 0.0515625
2 0.796875 0.29765625 0.0078125 0.0296875
2 0.91328125 0.296875 0.00703125 0.021875
2 0.921875 0.3046875 0.0078125 0.02734375
2 0.92734375 0.30703125 0.0046875 0.02578125
2 0.99296875 0.61484375 0.00703125 0.03359375
2 0.946875 0.725 0.00703125 0.034375
2 0.94609375 0.70703125 0.00703125 0.0296875
2 0.96015625 0.71640625 0.0078125 0.040625
2 0.97109375 0.72734375 0.00703125 0.040625
2 0.98671875 0.7296875 0.0078125 0.034375
2 0.896875 0.26875 0.00625 0.02578125
2 0.9328125 0.30546875 0.00625 0.03359375
2 0.93515625 0.28125 0.0078125 0.02265625
2 0.9640625 0.20078125 0.00546875 0.03125
2 0.996875 0.14765625 0.00625 0.0203125