1 0.35625 0.653125 0.12109375 0.23671875
1 0.7484375 0.4828125 0.12578125 0.20078125
0 0.5203125 0.8609375 0.178125 0.278125
0 0.72578125 0.18125 0.1546875 0.2296875
2 0.89609375 0.034375 0.01328125 0.04296875
2 0.88671875 0.03359375 0.009375 0.053125
2 0.91640625 0.234375 0.0140625 0.05234375
2 0.928125 0.25 0.015625 0.06015625
2 0.903125 0.07109375 0.009375 0.04765625
2 0.84375 0.11171875 0.01328125 0.0546875
2 0.86875 0.09765625 0.0140625 0.0546875
2 0.9078125 0.54765625 0.01328125 0.06953125
2 0.79765625 0.45859375 0.01171875 0.03671875
2 0.78828125 0.41015625 0.01328125 0.059375
2 0.79609375 0.3265625 0.0125 0.05078125
2 0.80078125 0.3796875 0.009375 0.0484375
2 0.75390625 0.35625 0.003125 0.05546875
2 0.69765625 0.309375 0.01015625 0.0578125
2 0.6671875 0.3 0.01171875 0.053125
2 0.6859375 0.33125 0.0140625 0.0578125
2 0.71640625 0.34296875 0.00859375 0.06328125
2 0.6578125 0.2296875 0.01015625 0.059375
2 0.6203125 0.23125 0.01484375 0.05078125
2 0.6375 0.23671875 0.01328125 0.065625
2 0.59765625 0.1734375 0.0140625 0.0484375
2 0.540625 0.0453125 0.0078125 0.0484375
2 0.5640625 0.090625 0.0078125 0.06015625
2 0.5765625 0.1421875 0.009375 0.06015625
2 0.5546875 0.1140625 0.00703125 0.0359375
2 0.55234375 0.13359375 0.01328125 0.05234375
2 0.55703125 0.1375 0.0078125 0.03203125
2 0.58671875 0.159375 0.00703125 0.053125
2 0.2421875 0.70078125 0.0171875 0.07734375
2 0.26875 0.68828125 0.01328125 0.065625
2 0.1984375 0.484375 0.0171875 0.06796875
2 0.21015625 0.475 0.009375 0.075
2 0.20625 0.42109375 0.01171875 0.07265625
2 0.1984375 0.3953125 0.01015625 0.07265625
2 0.4 0.81171875 0.0171875 0.05
2 0.04296875 0.390625 0.009375 0.04765625
2 0.146875 0.3859375 0.0140625 0.03125
2 0.375 0.90078125 0.01171875 0.05859375
2 0.38203125 0.965625 0.01171875 0.06875
2 0.375 0.93515625 0.00078125 0.00078125
2 0.13125 0.85234375 0.0109375 0.06484375
2 0.11015625 0.85390625 0.015625 0.06640625
2 0.06875 0.8671875 0.015625 0.053125
2 0.00703125 0.8796875 0.0140625 0.065625
2 0.39921875 0.84609375 0.015625 0.0703125