0 0.4671875 0.88984375 0.153125 0.2203125
0 0.60390625 0.68359375 0.11484375 0.25078125
1 0.840625 0.08203125 0.05078125 0.0890625
2 0.82734375 0.28046875 0.0125 0.05859375
2 0.82890625 0.36328125 0.0125 0.05703125
2 0.80234375 0.371875 0.015625 0.06015625
2 0.78359375 0.3515625 0.01796875 0.06953125
2 0.94296875 0.4703125 0.0171875 0.0734375
2 0.95859375 0.5046875 0.0203125 0.07265625
2 0.98359375 0.63359375 0.01796875 0.07109375
2 0.9828125 0.57890625 0.01875 0.06328125
2 0.8578125 0.5546875 0.01640625 0.07109375
2 0.80703125 0.52890625 0.015625 0.06796875
2 0.77109375 0.42734375 0.01640625 0.07109375
2 0.971875 0.8046875 0.01953125 0.075
2 0.94765625 0.803125 0.021875 0.075
2 0.84453125 0.72734375 0.01328125 0.04453125
2 0.5734375 0.95 0.015625 0.06328125
2 0.5734375 0.88671875 0.015625 0.05859375
2 0.62109375 0.84609375 0.0109375 0.06875
2 0.6359375 0.8421875 0.015625 0.0671875
2 0.69140625 0.7078125 0.0140625 0.06796875
2 0.70625 0.7296875 0.0109375 0.053125
2 0.71015625 0.67578125 0.0140625 0.065625
2 0.7359375 0.6765625 0.0125 0.0703125
2 0.7296875 0.6078125 0.0171875 0.0609375
2 0.790625 0.43828125 0.009375 0.06953125
2 0.7640625 0.54765625 0.009375 0.06796875
2 0.77578125 0.5359375 0.01484375 0.05859375
2 0.76640625 0.49765625 0.01328125 0.03359375
2 0.77578125 0.4890625 0.00859375 0.03359375
2 0.784375 0.45859375 0.01015625 0.03828125
2 0.0734375 0.11328125 0.0109375 0.05
2 0.09609375 0.07734375 0.01171875 0.0421875
2 0.0265625 0.07109375 0.0109375 0.03671875
2 0.02109375 0.190625 0.01640625 0.0515625
2 0.04609375 0.2265625 0.009375 0.0515625
2 0.06875 0.253125 0.01171875 0.05625
2 0.1015625 0.1328125 0.0109375 0.0515625
2 0.06953125 0.040625 0.0078125 0.04140625
2 0.0953125 0.04765625 0.00859375 0.03203125
2 0.01171875 0.31796875 0.0109375 0.05625
2 0.02734375 0.3375 0.0125 0.05390625
2 0.02421875 0.31171875 0.01015625 0.0484375
2 0.15546875 0.25703125 0.01015625 0.03125
2 0.18046875 0.06640625 0.0109375 0.04765625
2 0.23671875 0.02109375 0.0109375 0.0421875
2 0.22734375 0.1078125 0.01171875 0.04921875
2 0.2234375 0.07265625 0.0140625 0.03125
2 0.26015625 0.1609375 0.01015625 0.05078125
2 0.2671875 0.1078125 0.00859375 0.05390625
2 0.271875 0.0921875 0.0109375 0.0578125
2 0.29375 0.10546875 0.01640625 0.04296875
2 0.4859375 0.0265625 0.01171875 0.0453125
2 0.4671875 0.05546875 0.01015625 0.046875
2 0.46796875 0.08671875 0.0109375 0.02890625
2 0.446875 0.08828125 0.00859375 0.0484375
2 0.43046875 0.075 0.009375 0.04765625
0 0.371875 0.03515625 0.1015625 0.06875
2 0.340625 0.10546875 0.01171875 0.034375
2 0.34375 0.0921875 0.00703125 0.02734375
2 0.3546875 0.08359375 0.00859375 0.03671875
2 0.396875 0.08203125 0.009375 0.0390625
2 0.36875 0.09140625 0.0078125 0.0234375
2 0.40859375 0.0921875 0.0078125 0.0375
2 0.42109375 0.12734375 0.0125 0.05
2 0.415625 0.1578125 0.01171875 0.05078125
2 0.40234375 0.1859375 0.009375 0.05859375
0 0.48125 0.15078125 0.08359375 0.140625
2 0.0390625 0.7203125 0.01796875 0.071875
2 0.11015625 0.5765625 0.015625 0.06015625
2 0.2421875 0.44609375 0.0125 0.0671875
2 0.20625 0.46953125 0.0140625 0.06328125
2 0.24765625 0.39765625 0.01328125 0.05078125
0 0.15703125 0.63046875 0.128125 0.228125
0 0.084375 0.415625 0.16875 0.2859375
2 0.1578125 0.35390625 0.01015625 0.05
2 0.16484375 0.35703125 0.009375 0.05078125
2 0.18984375 0.3390625 0.00703125 0.0546875
2 0.203125 0.37890625 0.01328125 0.06328125
2 0.2125 0.37578125 0.009375 0.06484375
2 0.23125 0.34921875 0.01015625 0.05
2 0.21171875 0.3265625 0.01171875 0.04375
2 0.26640625 0.371875 0.01171875 0.0609375
2 0.2453125 0.353125 0.0078125 0.05078125
2 0.22109375 0.2734375 0.009375 0.03203125
2 0.20625 0.2921875 0.0078125 0.02421875
2 0.228125 0.271875 0.009375 0.021875
2 0.24140625 0.2515625 0.00703125 0.02578125
2 0.24921875 0.2453125 0.00703125 0.0140625
2 0.25546875 0.23671875 0.00859375 0.0171875
2 0.27265625 0.22734375 0.00859375 0.0234375
2 0.26640625 0.22265625 0.00859375 0.0234375
2 0.28359375 0.21953125 0.00703125 0.0421875
2 0.31875 0.1609375 0.0046875 0.01484375
2 0.28359375 0.38359375 0.01015625 0.05859375
2 0.27578125 0.35703125 0.01015625 0.0515625
2 0.27578125 0.3265625 0.00625 0.0265625
2 0.28984375 0.35625 0.01171875 0.05703125
2 0.3046875 0.35625 0.0109375 0.0640625
2 0.31796875 0.33671875 0.01015625 0.06015625
2 0.2984375 0.3140625 0.00859375 0.04609375
2 0.32265625 0.29296875 0.01171875 0.0578125
2 0.34140625 0.2859375 0.009375 0.05625
2 0.33203125 0.2796875 0.00859375 0.0546875
2 0.33359375 0.2328125 0.0078125 0.0421875
2 0.35859375 0.271875 0.01015625 0.059375
2 0.34375 0.24140625 0.009375 0.04296875
2 0.3765625 0.18046875 0.0046875 0.0390625
2 0.32109375 0.25859375 0.00703125 0.03046875