0 0.50546875 0.859375 0.1828125 0.275
1 0.51171875 0.1484375 0.084375 0.1359375
0 0.62578125 0.0359375 0.0984375 0.071875
0 0.60859375 0.2953125 0.14765625 0.2421875
2 0.125 0.9765625 0.015625 0.04375
2 0.06015625 0.57734375 0.015625 0.0578125
2 0.071875 0.6890625 0.01640625 0.0703125
2 0.20078125 0.72890625 0.021875 0.06953125
2 0.36953125 0.96796875 0.02421875 0.06328125
2 0.3046875 0.77421875 0.025 0.06953125
2 0.23046875 0.68359375 0.0171875 0.075
2 0.2484375 0.65703125 0.01171875 0.06953125
2 0.26328125 0.6203125 0.0171875 0.06953125
2 0.1890625 0.465625 0.01640625 0.0546875
2 0.17890625 0.3421875 0.0125 0.05234375
2 0.2015625 0.41875 0.009375 0.0671875
2 0.91796875 0.96484375 0.021875 0.065625
2 0.7203125 0.353125 0.009375 0.06015625
2 0.80703125 0.3359375 0.0140625 0.06328125
2 0.99296875 0.21171875 0.0140625 0.05546875
2 0.896875 0.18984375 0.01015625 0.05078125
2 0.69140625 0.02890625 0.0109375 0.05078125
2 0.484375 0.0203125 0.009375 0.040625
2 0.55625 0.13515625 0.009375 0.06171875
2 0.64765625 0.09921875 0.009375 0.0453125
2 0.675 0.1328125 0.0125 0.05703125
2 0.61640625 0.19609375 0.0125 0.059375
2 0.6546875 0.253125 0.009375 0.034375
2 0.6578125 0.24140625 0.00546875 0.05703125
2 0.6703125 0.2359375 0.01015625 0.05078125
2 0.68046875 0.26484375 0.00625 0.06328125
2 0.68671875 0.29765625 0.00859375 0.06953125
2 0.69765625 0.31953125 0.01640625 0.06484375
2 0.95859375 0.9296875 0.0296875 0.07265625
2 0.97578125 0.978125 0.01796875 0.03984375