0 0.2515625 0.42421875 0.0734375 0.0859375
1 0.1546875 0.3703125 0.03828125 0.04765625
1 0.03984375 0.3125 0.02890625 0.040625
0 0.55546875 0.3 0.06796875 0.07265625
2 0.790625 0.48203125 0.0109375 0.04453125
2 0.76015625 0.515625 0.009375 0.0328125
2 0.7234375 0.5359375 0.009375 0.03984375
2 0.80078125 0.64375 0.01015625 0.0390625
2 0.775 0.64765625 0.0109375 0.03828125
2 0.7578125 0.6609375 0.00859375 0.0546875
2 0.765625 0.64375 0.009375 0.05625
2 0.75546875 0.6171875 0.009375 0.03359375
2 0.7453125 0.63984375 0.00859375 0.0421875
2 0.7390625 0.6546875 0.01171875 0.046875
2 0.73671875 0.6375 0.0078125 0.04453125
2 0.7203125 0.62578125 0.00859375 0.03984375
2 0.7125 0.6359375 0.01015625 0.0421875
2 0.709375 0.5921875 0.009375 0.046875
2 0.66015625 0.6078125 0.009375 0.040625
2 0.68046875 0.62578125 0.0125 0.04296875
2 0.69375 0.6234375 0.01171875 0.0453125
2 0.69609375 0.58984375 0.01015625 0.03125
2 0.68671875 0.59375 0.0109375 0.03828125
2 0.67890625 0.56796875 0.0109375 0.040625
2 0.59140625 0.5359375 0.0109375 0.04453125
2 0.52890625 0.51015625 0.00703125 0.03359375
2 0.70234375 0.4328125 0.009375 0.03046875
2 0.59453125 0.38515625 0.009375 0.0265625
2 0.58203125 0.3578125 0.0078125 0.0296875
2 0.46484375 0.48828125 0.009375 0.04296875
2 0.45234375 0.48984375 0.00625 0.034375
2 0.4421875 0.4609375 0.0078125 0.03359375
2 0.59921875 0.16796875 0.00390625 0.0171875
2 0.5453125 0.1890625 0.0046875 0.01953125
2 0.51640625 0.19765625 0.00390625 0.021875
2 0.5265625 0.1984375 0.00546875 0.02421875
2 0.4875 0.221875 0.00703125 0.02109375
2 0.46015625 0.23515625 0.00703125 0.02109375
2 0.45078125 0.2390625 0.0046875 0.02109375
2 0.44453125 0.24453125 0.00390625 0.021875
2 0.42890625 0.24453125 0.00390625 0.01328125
2 0.41796875 0.3078125 0.00546875 0.02578125
2 0.41328125 0.31015625 0.00546875 0.0234375
2 0.4046875 0.321875 0.00546875 0.025
2 0.4 0.31328125 0.00546875 0.03046875
2 0.40390625 0.31328125 0.00546875 0.0265625