2 0.0734375 0.03828125 0.009375 0.04140625
2 0.10625 0.06171875 0.01015625 0.0453125
2 0.08984375 0.3359375 0.0125 0.0625
2 0.0859375 0.40859375 0.01171875 0.04140625
2 0.09609375 0.52890625 0.0125 0.06484375
2 0.28671875 0.06796875 0.009375 0.0484375
2 0.30234375 0.10859375 0.0125 0.04296875
2 0.23515625 0.40234375 0.009375 0.06171875
2 0.23984375 0.3859375 0.01015625 0.06171875
2 0.028125 0.58828125 0.015625 0.06015625
2 0.03671875 0.64140625 0.0125 0.059375
2 0.09921875 0.628125 0.01953125 0.065625
2 0.0671875 0.646875 0.01484375 0.0578125
2 0.07421875 0.6140625 0.0140625 0.06796875
1 0.1546875 0.6765625 0.125 0.21171875
2 0.3046875 0.27109375 0.0140625 0.059375
2 0.3921875 0.23359375 0.01015625 0.059375
2 0.36875 0.22421875 0.01171875 0.05703125
2 0.4234375 0.1875 0.0078125 0.0625
2 0.40234375 0.17421875 0.0125 0.05234375
2 0.40078125 0.07734375 0.00859375 0.04609375
2 0.409375 0.10390625 0.009375 0.0390625
2 0.42578125 0.12421875 0.0109375 0.0546875
2 0.471875 0.02734375 0.009375 0.0453125
2 0.27578125 0.22421875 0.009375 0.03359375
1 0.334375 0.353125 0.09296875 0.16875
1 0.684375 0.39140625 0.08125 0.1921875
2 0.9140625 0.33984375 0.01953125 0.0453125
2 0.87109375 0.38984375 0.01328125 0.04140625
2 0.7953125 0.42265625 0.0140625 0.065625
2 0.875 0.84765625 0.0140625 0.075
2 0.55546875 0.97421875 0.0171875 0.0453125
2 0.8015625 0.625 0.01484375 0.071875
2 0.7359375 0.490625 0.01484375 0.04375
2 0.7359375 0.534375 0.01171875 0.065625
2 0.69765625 0.5640625 0.01796875 0.065625
2 0.9859375 0.53203125 0.01640625 0.0546875
2 0.78046875 0.640625 0.01484375 0.06328125
2 0.753125 0.59609375 0.0140625 0.0671875
2 0.78203125 0.72421875 0.01015625 0.06796875
2 0.7578125 0.5765625 0.0109375 0.071875
2 0.73203125 0.63125 0.01328125 0.0703125
2 0.75546875 0.7203125 0.0171875 0.0453125
2 0.76015625 0.68984375 0.0171875 0.04375
2 0.7515625 0.76484375 0.015625 0.040625
2 0.80390625 0.8984375 0.01953125 0.075
2 0.9640625 0.8890625 0.0265625 0.06953125
2 0.71484375 0.721875 0.01796875 0.06484375
2 0.70703125 0.6328125 0.0125 0.06796875
2 0.70859375 0.6828125 0.0140625 0.0578125
2 0.690625 0.64921875 0.01796875 0.06484375
2 0.6640625 0.6921875 0.0171875 0.06484375
2 0.68203125 0.703125 0.0140625 0.06328125
2 0.60078125 0.703125 0.0125 0.05234375
2 0.64140625 0.784375 0.0140625 0.0578125
2 0.59765625 0.88984375 0.0140625 0.053125
2 0.60703125 0.8609375 0.01484375 0.053125
0 0.55703125 0.6984375 0.13671875 0.38515625