0 0.46796875 0.82734375 0.20390625 0.32734375
0 0.52109375 0.13515625 0.1125 0.18046875
0 0.2796875 0.175 0.165625 0.2453125
1 0.65234375 0.65546875 0.12734375 0.2296875
1 0.65390625 0.4390625 0.0765625 0.18984375
1 0.55703125 0.584375 0.15078125 0.17109375
2 0.10390625 0.03203125 0.01328125 0.04765625
2 0.0828125 0.290625 0.01640625 0.06015625
2 0.1625 0.15546875 0.01328125 0.05703125
2 0.06484375 0.59140625 0.0171875 0.06484375
2 0.2109375 0.38046875 0.0140625 0.06484375
2 0.2046875 0.32578125 0.0109375 0.05234375
2 0.2328125 0.34921875 0.01171875 0.0671875
2 0.2515625 0.3828125 0.00859375 0.0359375
2 0.340625 0.28203125 0.01484375 0.053125
2 0.2921875 0.34921875 0.01328125 0.06328125
2 0.2640625 0.334375 0.0125 0.03046875
2 0.28125 0.34296875 0.0109375 0.06953125
2 0.23046875 0.05546875 0.009375 0.04609375
2 0.21484375 0.0375 0.01015625 0.04765625
2 0.19921875 0.04375 0.0125 0.05234375
2 0.45234375 0.05390625 0.01015625 0.0546875
2 0.36796875 0.21875 0.009375 0.06015625
2 0.33046875 0.25078125 0.0125 0.0671875
2 0.3453125 0.23984375 0.01328125 0.0484375
2 0.4015625 0.08828125 0.009375 0.034375
2 0.43671875 0.090625 0.0078125 0.06328125
2 0.45078125 0.13203125 0.0140625 0.053125
2 0.44375 0.1171875 0.0109375 0.05
2 0.44140625 0.16328125 0.0125 0.04609375
2 0.43046875 0.1796875 0.009375 0.0578125
2 0.39609375 0.19296875 0.01484375 0.0453125
2 0.42578125 0.084375 0.00625 0.053125
2 0.41171875 0.15546875 0.0140625 0.07265625
2 0.42421875 0.1421875 0.01015625 0.06484375
2 0.4171875 0.10390625 0.00625 0.04375
2 0.41015625 0.09921875 0.00625 0.028125
2 0.3296875 0.0171875 0.01328125 0.034375
1 0.25546875 0.471875 0.134375 0.25546875