0 0.49453125 0.85859375 0.1921875 0.2828125
0 0.6484375 0.59921875 0.11796875 0.24609375
0 0.7171875 0.36875 0.09296875 0.19609375
2 0.92109375 0.103125 0.0109375 0.04453125
2 0.6578125 0.27421875 0.0125 0.06640625
2 0.77265625 0.484375 0.01328125 0.06328125
2 0.70078125 0.73515625 0.0203125 0.05703125
2 0.7625 0.68203125 0.02421875 0.0796875
2 0.7890625 0.46171875 0.0140625 0.06875
2 0.78671875 0.440625 0.0125 0.06640625
2 0.7671875 0.453125 0.0125 0.07890625
2 0.75625 0.42890625 0.0125 0.0578125
2 0.75546875 0.39921875 0.0109375 0.0453125
2 0.76953125 0.40234375 0.0125 0.046875
2 0.7703125 0.37109375 0.01171875 0.0328125
2 0.06328125 0.21953125 0.01640625 0.05625
2 0.16484375 0.05390625 0.015625 0.04921875
2 0.203125 0.06171875 0.01484375 0.04453125
2 0.14453125 0.03515625 0.0109375 0.04609375
2 0.22265625 0.1 0.0140625 0.05234375
2 0.240625 0.10390625 0.01015625 0.04921875
2 0.246875 0.1046875 0.00703125 0.053125
2 0.28203125 0.0390625 0.0125 0.04921875
2 0.3515625 0.1015625 0.00703125 0.03515625
2 0.42578125 0.13046875 0.0125 0.0515625
2 0.4125 0.18984375 0.01171875 0.06640625
2 0.39765625 0.18359375 0.0140625 0.05859375
2 0.40625 0.21953125 0.01328125 0.06171875
2 0.3703125 0.26484375 0.01171875 0.0609375
2 0.38359375 0.2234375 0.0140625 0.0578125
2 0.37578125 0.209375 0.01015625 0.05546875
2 0.1890625 0.4546875 0.015625 0.07265625
2 0.18359375 0.37890625 0.0125 0.04609375
2 0.23203125 0.3515625 0.01875 0.059375
2 0.24765625 0.3953125 0.01484375 0.06328125
2 0.27578125 0.35546875 0.0109375 0.06328125
2 0.2890625 0.33203125 0.01484375 0.06875
2 0.30625 0.30625 0.01171875 0.0609375
2 0.31015625 0.25546875 0.009375 0.03828125
2 0.33046875 0.2890625 0.0171875 0.06328125
2 0.3625 0.1859375 0.0109375 0.0546875
2 0.32890625 0.2578125 0.0078125 0.0390625
2 0.33828125 0.253125 0.0109375 0.05390625
2 0.35 0.2375 0.00859375 0.05546875
2 0.32734375 0.2421875 0.00703125 0.04453125
2 0.37734375 0.17265625 0.009375 0.0296875
2 0.390625 0.1609375 0.0078125 0.02890625
2 0.33515625 0.14921875 0.009375 0.0265625
2 0.23046875 0.88984375 0.0171875 0.07578125
2 0.08671875 0.81015625 0.01875 0.07890625
2 0.10625 0.971875 0.02265625 0.053125
2 0.08046875 0.91328125 0.0234375 0.07890625
2 0.06875 0.95859375 0.02421875 0.0734375
2 0.034375 0.9671875 0.02578125 0.065625
2 0.02109375 0.9328125 0.01484375 0.05078125
2 0.028125 0.90859375 0.01640625 0.075
2 0.0375 0.89375 0.01484375 0.0734375
2 0.04375 0.859375 0.0203125 0.078125
0 0.35703125 0.040625 0.08828125 0.08125
0 0.25625 0.19921875 0.15859375 0.25546875