2 0.2109375 0.471875 0.009375 0.04140625
2 0.2578125 0.446875 0.0078125 0.03046875
2 0.26484375 0.4453125 0.00859375 0.0359375
2 0.328125 0.41484375 0.00859375 0.02734375
2 0.18671875 0.64765625 0.00703125 0.04609375
2 0.190625 0.69375 0.009375 0.0453125
2 0.22734375 0.675 0.01015625 0.04921875
2 0.259375 0.64609375 0.01171875 0.04921875
2 0.2828125 0.64296875 0.00625 0.04609375
2 0.2765625 0.6296875 0.0125 0.04609375
2 0.25390625 0.628125 0.0078125 0.046875
2 0.2640625 0.6296875 0.00625 0.04609375
2 0.29453125 0.6234375 0.01015625 0.05390625
2 0.31640625 0.61328125 0.00859375 0.04296875
2 0.30859375 0.6234375 0.01015625 0.04453125
2 0.2984375 0.58359375 0.00703125 0.03828125
2 0.30625 0.584375 0.009375 0.040625
2 0.33984375 0.59609375 0.0140625 0.04140625
2 0.21328125 0.6328125 0.00625 0.03828125
2 0.4328125 0.45 0.0078125 0.03828125
2 0.45234375 0.49296875 0.0109375 0.0484375
2 0.4484375 0.41953125 0.00703125 0.03828125
2 0.51171875 0.4625 0.0078125 0.03125
2 0.5234375 0.48828125 0.01171875 0.03203125
2 0.540625 0.49375 0.00859375 0.0390625
2 0.559375 0.43125 0.00859375 0.03125
2 0.4546875 0.42265625 0.0109375 0.0421875
2 0.41484375 0.37734375 0.01015625 0.03203125
2 0.48984375 0.36796875 0.0078125 0.025
2 0.47890625 0.36640625 0.00625 0.01875
2 0.6390625 0.22421875 0.00390625 0.01796875
2 0.5828125 0.1953125 0.0078125 0.021875
2 0.54296875 0.1875 0.00625 0.0171875
2 0.55078125 0.18671875 0.00546875 0.01953125
2 0.5 0.21171875 0.0046875 0.0203125
2 0.50390625 0.21015625 0.0046875 0.021875
2 0.54765625 0.225 0.00703125 0.0203125
2 0.60390625 0.25234375 0.00546875 0.0203125
2 0.62578125 0.2515625 0.00625 0.02421875
2 0.44375 0.1484375 0.00390625 0.01328125
2 0.609375 0.20390625 0.00546875 0.01328125
0 0.4234375 0.1921875 0.0625 0.05390625
2 0.40625 0.16171875 0.00625 0.01171875