2 0.76953125 0.0234375 0.01015625 0.046875
2 0.75859375 0.10234375 0.01015625 0.0515625
2 0.7484375 0.09609375 0.01171875 0.05078125
2 0.79140625 0.05234375 0.01015625 0.0390625
2 0.8109375 0.13828125 0.01328125 0.0421875
2 0.875 0.1265625 0.01171875 0.05859375
2 0.940625 0.23359375 0.0109375 0.05234375
2 0.9671875 0.23359375 0.0125 0.05859375
2 0.56875 0.13125 0.0109375 0.05078125
2 0.59921875 0.178125 0.01171875 0.05703125
2 0.5875 0.1984375 0.01328125 0.06328125
2 0.6203125 0.22421875 0.0109375 0.05703125
2 0.628125 0.20859375 0.0125 0.0578125
2 0.63515625 0.25859375 0.0140625 0.06484375
2 0.65078125 0.2375 0.01015625 0.05546875
2 0.6625 0.25546875 0.01015625 0.05390625
2 0.67265625 0.2734375 0.01328125 0.06015625
2 0.6703125 0.2421875 0.00859375 0.04453125
2 0.69609375 0.30703125 0.01484375 0.0625
2 0.71015625 0.33515625 0.015625 0.0578125
2 0.7234375 0.35859375 0.01484375 0.0515625
2 0.72734375 0.37265625 0.0125 0.05546875
2 0.72578125 0.42890625 0.01875 0.05703125
2 0.7515625 0.4203125 0.0140625 0.04140625
2 0.7875 0.4328125 0.0125 0.0484375
2 0.8125 0.40859375 0.0109375 0.06875
2 0.80859375 0.32890625 0.01328125 0.06015625
2 0.8015625 0.31796875 0.01328125 0.059375
2 0.81875 0.371875 0.01171875 0.03046875
0 0.74375 0.19296875 0.16171875 0.2609375
0 0.81953125 0.60390625 0.20546875 0.33984375
0 0.51171875 0.859375 0.203125 0.27421875
0 0.38515625 0.55625 0.140625 0.33671875
2 0.090625 0.3140625 0.0140625 0.05859375
2 0.11328125 0.32734375 0.015625 0.06875
2 0.18046875 0.65 0.0140625 0.07734375
2 0.20546875 0.6015625 0.015625 0.06875
2 0.20546875 0.4796875 0.01015625 0.0640625
2 0.22421875 0.44765625 0.0109375 0.0390625
2 0.21953125 0.475 0.0140625 0.0671875
2 0.228125 0.496875 0.0109375 0.06171875
2 0.23359375 0.4921875 0.01171875 0.0453125
2 0.23671875 0.521875 0.015625 0.071875
2 0.2453125 0.52421875 0.01484375 0.0515625
2 0.24765625 0.53359375 0.0109375 0.0515625
2 0.24453125 0.56875 0.0109375 0.0703125
2 0.2546875 0.575 0.01015625 0.06953125
2 0.26953125 0.58828125 0.01171875 0.0375
2 0.26171875 0.590625 0.00859375 0.04375
2 0.215625 0.71875 0.0171875 0.07578125
2 0.2296875 0.6921875 0.0125 0.075
2 0.24140625 0.671875 0.0140625 0.07578125
2 0.26640625 0.73671875 0.015625 0.071875
2 0.3296875 0.74140625 0.0140625 0.05078125
2 0.3109375 0.7390625 0.01171875 0.0390625
2 0.29609375 0.728125 0.0140625 0.06484375
2 0.32109375 0.72265625 0.01171875 0.05859375
2 0.3171875 0.70625 0.01015625 0.05859375
2 0.3046875 0.6890625 0.01171875 0.07109375
2 0.29140625 0.690625 0.0109375 0.06171875
2 0.2859375 0.6796875 0.00859375 0.0765625
2 0.2828125 0.65078125 0.009375 0.05078125
2 0.26171875 0.659375 0.01484375 0.07421875
2 0.26875 0.64609375 0.0140625 0.06484375
2 0.26484375 0.61640625 0.01328125 0.02578125
2 0.6515625 0.12421875 0.01015625 0.028125
2 0.71484375 0.21328125 0.0109375 0.0640625