0 0.53359375 0.89296875 0.1546875 0.2140625
0 0.69765625 0.51171875 0.21875 0.28828125
0 0.62578125 0.30078125 0.14765625 0.225
2 0.0140625 0.46484375 0.01484375 0.06171875
2 0.971875 0.97265625 0.0171875 0.04765625
2 0.865625 0.9859375 0.01875 0.028125
2 0.77265625 0.05078125 0.01015625 0.04609375
2 0.22265625 0.56875 0.0140625 0.05703125
2 0.23046875 0.5125 0.0140625 0.0625
2 0.17265625 0.34921875 0.00703125 0.05703125
2 0.18203125 0.35703125 0.0109375 0.06171875
2 0.5609375 0.153125 0.01015625 0.05
2 0.5671875 0.16015625 0.0109375 0.05703125
2 0.66171875 0.22265625 0.009375 0.04296875
2 0.67578125 0.2390625 0.009375 0.0453125
2 0.6625 0.24921875 0.00859375 0.04375
2 0.6515625 0.24453125 0.009375 0.02890625