0 0.76953125 0.7296875 0.18515625 0.184375
0 0.56953125 0.61171875 0.14296875 0.140625
2 0.78984375 0.66328125 0.01953125 0.04140625
2 0.72109375 0.6265625 0.01015625 0.03203125
2 0.7453125 0.61640625 0.00859375 0.03984375
2 0.73359375 0.61953125 0.0109375 0.046875
2 0.71015625 0.6015625 0.0109375 0.04765625
2 0.684375 0.5828125 0.01015625 0.03359375
2 0.65 0.6 0.01015625 0.03671875
2 0.67734375 0.6203125 0.01328125 0.03984375
2 0.634375 0.584375 0.009375 0.04375
2 0.80078125 0.4890625 0.009375 0.03828125
2 0.76640625 0.46171875 0.01328125 0.03359375
2 0.73984375 0.44765625 0.00859375 0.046875
2 0.58515625 0.353125 0.01171875 0.0390625
2 0.1109375 0.68359375 0.009375 0.04765625
2 0.5734375 0.534375 0.01171875 0.03984375
0 0.56875 0.19375 0.06484375 0.0609375
2 0.6046875 0.16484375 0.00390625 0.01875
2 0.534375 0.19765625 0.00546875 0.021875
2 0.44765625 0.23359375 0.00703125 0.02109375
2 0.36875 0.27890625 0.0078125 0.025
2 0.39296875 0.29375 0.00625 0.0234375
2 0.4234375 0.3171875 0.0046875 0.0234375
2 0.37421875 0.28984375 0.00703125 0.021875
2 0.41328125 0.303125 0.00859375 0.03203125
2 0.403125 0.3125 0.01015625 0.02734375
2 0.384375 0.30546875 0.0078125 0.021875
2 0.38828125 0.30234375 0.0046875 0.021875
2 0.4203125 0.31953125 0.00625 0.025
2 0.42734375 0.31796875 0.0046875 0.02421875