2 0.9078125 0.56015625 0.01484375 0.06328125
2 0.86015625 0.56875 0.01796875 0.0640625
2 0.903125 0.321875 0.01640625 0.0546875
2 0.8671875 0.2640625 0.01640625 0.059375
2 0.890625 0.2234375 0.01484375 0.05859375
2 0.9046875 0.18359375 0.01328125 0.06015625
2 0.8671875 0.321875 0.0140625 0.05390625
2 0.88125 0.3703125 0.01328125 0.04609375
2 0.8359375 0.33671875 0.01484375 0.0546875
2 0.74609375 0.3734375 0.009375 0.02578125
2 0.7359375 0.353125 0.0109375 0.040625
2 0.71640625 0.34375 0.0109375 0.03359375
2 0.6734375 0.32734375 0.01015625 0.053125
2 0.66640625 0.31015625 0.01015625 0.05546875
2 0.665625 0.2515625 0.01171875 0.0515625
2 0.67734375 0.26796875 0.00859375 0.05625
2 0.61796875 0.2390625 0.01015625 0.0515625
2 0.6140625 0.19921875 0.01015625 0.0484375
2 0.59296875 0.171875 0.00859375 0.046875
2 0.690625 0.26171875 0.01015625 0.046875
2 0.73984375 0.08125 0.01171875 0.04140625
2 0.7234375 0.040625 0.01171875 0.0359375
2 0.903125 0.04921875 0.01171875 0.04453125
2 0.890625 0.04609375 0.01171875 0.04296875
2 0.834375 0.06171875 0.0125 0.046875
2 0.8203125 0.0375 0.00703125 0.04375
2 0.7453125 0.02109375 0.0078125 0.03984375
2 0.5875 0.09140625 0.01015625 0.046875
2 0.5265625 0.02421875 0.00859375 0.0390625
2 0.53046875 0.11875 0.0125 0.05390625
2 0.54453125 0.1015625 0.009375 0.05546875
0 0.753125 0.49921875 0.17578125 0.2859375
0 0.7375 0.19296875 0.15390625 0.25859375
1 0.16796875 0.1015625 0.03125 0.08046875
1 0.23203125 0.28203125 0.07890625 0.16328125
2 0.02109375 0.7 0.01328125 0.0609375
2 0.0328125 0.75625 0.01171875 0.075
2 0.1671875 0.65078125 0.01484375 0.0703125
2 0.10546875 0.703125 0.01484375 0.07109375
2 0.11796875 0.759375 0.01953125 0.07109375
2 0.45703125 0.984375 0.01484375 0.025
2 0.4359375 0.97734375 0.01328125 0.04375
2 0.4015625 0.8796875 0.0140625 0.0515625
2 0.428125 0.9140625 0.01640625 0.053125
2 0.425 0.94453125 0.0109375 0.05
2 0.37578125 0.8484375 0.01484375 0.065625
2 0.35625 0.828125 0.01640625 0.071875
2 0.38125 0.75859375 0.01328125 0.0890625
2 0.3609375 0.77890625 0.01484375 0.07421875
2 0.35625 0.70546875 0.015625 0.08046875
2 0.315625 0.71171875 0.0125 0.078125
2 0.32421875 0.69296875 0.01015625 0.075
2 0.28125 0.74296875 0.01171875 0.046875
2 0.240625 0.6734375 0.01484375 0.078125
2 0.2875 0.7015625 0.01484375 0.07109375
2 0.2921875 0.68828125 0.01171875 0.0734375
2 0.28046875 0.66640625 0.01015625 0.05859375
2 0.2046875 0.6828125 0.009375 0.065625
2 0.21953125 0.60546875 0.01171875 0.07421875
2 0.1546875 0.57578125 0.0171875 0.06171875
2 0.25078125 0.628125 0.01015625 0.06875
2 0.22265625 0.5484375 0.015625 0.06796875
2 0.25390625 0.59765625 0.0125 0.06015625
2 0.24609375 0.57734375 0.01171875 0.046875
2 0.23828125 0.55625 0.0078125 0.05546875
2 0.24140625 0.534375 0.01171875 0.06015625
2 0.20859375 0.4390625 0.01328125 0.06171875
2 0.21484375 0.4828125 0.01015625 0.06015625
2 0.22265625 0.48984375 0.009375 0.05390625
2 0.23046875 0.50390625 0.00703125 0.04375
2 0.9734375 0.55234375 0.0140625 0.03984375
2 0.9796875 0.22890625 0.01328125 0.05078125
2 0.940625 0.2265625 0.009375 0.05234375
2 0.934375 0.18671875 0.0109375 0.05546875