2 0.1015625 0.415625 0.0078125 0.02734375
2 0.1 0.5296875 0.0078125 0.03671875
2 0.02890625 0.50625 0.0109375 0.03359375
2 0.13046875 0.52578125 0.0109375 0.0296875
2 0.21640625 0.540625 0.01171875 0.03671875
2 0.13515625 0.3265625 0.00859375 0.02265625
2 0.12734375 0.334375 0.00859375 0.025
2 0.28046875 0.53359375 0.0109375 0.03515625
2 0.30078125 0.5203125 0.00703125 0.0375
2 0.321875 0.5546875 0.0078125 0.03828125
2 0.3171875 0.5640625 0.00859375 0.040625
2 0.35390625 0.55859375 0.00859375 0.02890625
2 0.41015625 0.5390625 0.01015625 0.03671875
2 0.4296875 0.51484375 0.009375 0.02890625
2 0.56875 0.39375 0.00703125 0.034375
2 0.4953125 0.57578125 0.009375 0.01640625
2 0.64375 0.6265625 0.0078125 0.04453125
0 0.42421875 0.621875 0.1671875 0.103125
2 0.7078125 0.34453125 0.00703125 0.0296875
2 0.753125 0.34453125 0.01015625 0.040625
2 0.90703125 0.453125 0.009375 0.03671875
2 0.7453125 0.58671875 0.00859375 0.04296875
2 0.784375 0.64609375 0.0109375 0.03203125
2 0.93828125 0.28984375 0.00546875 0.02421875
2 0.940625 0.26953125 0.00859375 0.0265625
2 0.95625 0.19140625 0.0078125 0.02578125
2 0.91328125 0.69140625 0.009375 0.03828125
2 0.9265625 0.71171875 0.01015625 0.040625
2 0.97890625 0.66875 0.0109375 0.03515625
2 0.93984375 0.72734375 0.01015625 0.03984375
2 0.95 0.71484375 0.0078125 0.034375
2 0.9734375 0.73046875 0.00859375 0.03984375
2 0.984375 0.72734375 0.0109375 0.040625
2 0.9640625 0.73046875 0.00625 0.03828125
2 0.95859375 0.73359375 0.0078125 0.04453125
2 0.62109375 0.4515625 0.0109375 0.02578125