2 0.28984375 0.29375 0.028125 0.096875
2 0.58515625 0.3859375 0.01875 0.0796875
2 0.775 0.3046875 0.025 0.10078125
2 0.34296875 0.38828125 0.02578125 0.10625
2 0.81171875 0.48046875 0.02421875 0.10390625
2 0.19296875 0.38984375 0.021875 0.11484375
2 0.41640625 0.43671875 0.02109375 0.1
2 0.6984375 0.4625 0.02109375 0.13359375
2 0.7546875 0.4125 0.01875 0.05859375
2 0.38515625 0.43203125 0.0234375 0.12890625
2 0.74140625 0.45859375 0.02578125 0.13828125
2 0.53046875 0.4078125 0.0359375 0.09296875
2 0.2796875 0.38828125 0.02265625 0.1046875
2 0.803125 0.44375 0.02109375 0.11015625
2 0.42890625 0.25859375 0.02265625 0.078125
2 0.0765625 0.40078125 0.0234375 0.121875
2 0.7984375 0.378125 0.01640625 0.0375
2 0.67265625 0.46796875 0.021875 0.1171875
2 0.40078125 0.42734375 0.0234375 0.1296875
2 0.6734375 0.3734375 0.02109375 0.0625
2 0.49140625 0.3765625 0.03046875 0.12421875
2 0.45078125 0.4234375 0.02109375 0.10390625
2 0.45 0.34609375 0.02265625 0.03359375
2 0.41875 0.34765625 0.02578125 0.05859375
2 0.36953125 0.4703125 0.01875 0.11875
2 0.14296875 0.43515625 0.03046875 0.1203125
2 0.128125 0.37578125 0.02578125 0.1046875
2 0.11015625 0.43515625 0.0328125 0.11015625
2 0.08671875 0.36640625 0.009375 0.096875
2 0.63203125 0.46328125 0.0328125 0.11171875
2 0.7765625 0.46875 0.02890625 0.115625
2 0.57109375 0.4609375 0.04140625 0.1078125
2 0.55859375 0.42578125 0.0328125 0.07109375