2 0.71015625 0.29375 0.028125 0.096875
2 0.41484375 0.3859375 0.01875 0.0796875
2 0.225 0.3046875 0.025 0.10078125
2 0.65703125 0.38828125 0.02578125 0.10625
2 0.18828125 0.48046875 0.02421875 0.10390625
2 0.80703125 0.38984375 0.021875 0.11484375
2 0.58359375 0.43671875 0.02109375 0.1
2 0.3015625 0.4625 0.02109375 0.13359375
2 0.2453125 0.4125 0.01875 0.05859375
2 0.61484375 0.43203125 0.0234375 0.12890625
2 0.25859375 0.45859375 0.02578125 0.13828125
2 0.46953125 0.4078125 0.0359375 0.09296875
2 0.7203125 0.38828125 0.02265625 0.1046875
2 0.196875 0.44375 0.02109375 0.11015625
2 0.57109375 0.25859375 0.02265625 0.078125
2 0.9234375 0.40078125 0.0234375 0.121875
2 0.2015625 0.378125 0.01640625 0.0375
2 0.32734375 0.46796875 0.021875 0.1171875
2 0.59921875 0.42734375 0.0234375 0.1296875
2 0.3265625 0.3734375 0.02109375 0.0625
2 0.50859375 0.3765625 0.03046875 0.12421875
2 0.54921875 0.4234375 0.02109375 0.10390625
2 0.55 0.34609375 0.02265625 0.03359375
2 0.58125 0.34765625 0.02578125 0.05859375
2 0.63046875 0.4703125 0.01875 0.11875
2 0.85703125 0.43515625 0.03046875 0.1203125
2 0.871875 0.37578125 0.02578125 0.1046875
2 0.88984375 0.43515625 0.0328125 0.11015625
2 0.91328125 0.36640625 0.009375 0.096875
2 0.36796875 0.46328125 0.0328125 0.11171875
2 0.2234375 0.46875 0.02890625 0.115625
2 0.42890625 0.4609375 0.04140625 0.1078125
2 0.44140625 0.42578125 0.0328125 0.07109375